100
0.479645 0.355389 0.645804 0.525158 0.255656 0.704548 0.569173 0.779145 0.185119 0.436579 0.523460 0.655694 0.972010 0.857340 0.075264 0.556292 0.572076 0.808243 0.652717 0.179410 0.637351 0.813626 0.979982 0.924143 0.571919 0.115767 0.103021 0.890981 0.805714 0.279240 0.845151 0.898188 0.731765 0.094123 0.686282 0.396078 0.734554 0.639892 0.105873 0.785874 0.352137 0.500846 0.533890 0.178288 0.903569 0.148576 0.959302 0.720097 0.535812 0.748732 0.122702 0.439312 0.056296 0.091685 0.869440 0.237524 0.492901 0.591137 0.060621 0.753227 0.282363 0.555243 0.724170 0.129364 0.252960 0.187380 0.088710 0.990813 0.105956 0.136373 0.255431 0.868569 0.012579 0.559568 0.648322 0.334428 0.343772 0.245866 0.549723 0.415137 0.355694 0.559961 0.446614 0.770449 0.542045 0.194922 0.472194 0.034380 0.804466 0.957203 0.999244 0.128313 0.345853 0.724346 0.505049 0.043805 0.603127 0.095044 0.027080 0.790569
0.581014 0.038217 0.542839 0.591619 0.453500 0.055153 0.676170 0.259170 0.419164 0.244251 0.050168 0.808333 0.032847 0.522141 0.833217 0.600742 0.699056 0.180421 0.013965 0.467338 0.230889 0.169256 0.811721 0.023022 0.140095 0.953591 0.677063 0.996235 0.100741 0.007434 0.178539 0.441926 0.458895 0.629359 0.546248 0.201695 0.589224 0.687531 0.778544 0.737998 0.739456 0.852713 0.114258 0.842537 0.915972 0.983983 0.337179 0.207752 0.484708 0.926141 0.044575 0.870343 0.565836 0.378570 0.439086 0.199984 0.052270 0.058551 0.553448 0.718037 0.957394 0.002529 0.028104 0.732263 0.863466 0.410337 0.293109 0.668778 0.496383 0.398417 0.234130 0.819548 0.332671 0.373049 0.192666 0.777114 0.194802 0.725678 0.072911 0.781027 0.063229 0.024551 0.088282 0.045422 0.702511 0.419521 0.999003 0.222994 0.412988 0.036705 0.150727 0.905875 0.205400 0.969250 0.269346 0.368824 0.094525 0.854759 0.420636 0.977483
0.457822 0.808892 0.648009 0.037914 0.791865 0.258361 0.691641 0.303713 0.271515 0.981997 0.699845 0.302719 0.974631 0.776126 0.999438 0.872771 0.170633 0.618221 0.947304 0.965878 0.708792 0.128099 0.062766 0.770618 0.697919 0.740404 0.658107 0.033270 0.694407 0.876763 0.531036 0.028749 0.441751 0.392878 0.032490 0.440829 0.503319 0.855219 0.495170 0.136362 0.730891 0.552326 0.761205 0.713676 0.542003 0.335442 0.330346 0.359719 0.089159 0.096074 0.864283 0.188371 0.170281 0.321366 0.252653 0.976230 0.475592 0.516685 0.071848 0.911102 0.882574 0.276589 0.697114 0.958742 0.888670 0.877090 0.767628 0.383672 0.656182 0.514156 0.141241 0.850342 0.533524 0.614741 0.781579 0.032284 0.924902 0.421940 0.689927 0.170223 0.326909 0.792724 0.140735 0.377895 0.482446 0.654922 0.342363 0.435536 0.676035 0.392561 0.314495 0.389633 0.248804 0.878539 0.478629 0.832276 0.020033 0.944977 0.089534 0.568637
0.564477 0.587640 0.138513 0.347360 0.813311 0.704165 0.879490 0.508088 0.325109 0.672201 0.132971 0.042071 0.251669 0.664768 0.024739 0.736468 0.055894 0.397854 0.892002 0.290108 0.894452 0.356602 0.120041 0.521671 0.643590 0.139998 0.308591 0.042370 0.107907 0.057163 0.835382 0.826254 0.988471 0.830632 0.375485 0.388108 0.704150 0.735230 0.031369 0.817885 0.932531 0.302321 0.015381 0.418813 0.151733 0.353859 0.576884 0.024751 0.810680 0.580132 0.379069 0.092566 0.531022 0.886947 0.480997 0.980491 0.773167 0.551793 0.899371 0.832928 0.610361 0.992119 0.383045 0.198799 0.979316 0.430420 0.004000 0.484913 0.760887 0.951214 0.895087 0.914623 0.645048 0.837742 0.646331 0.104515 0.111126 0.508599 0.007253 0.469798 0.834457 0.805990 0.358144 0.642437 0.285103 0.078261 0.030695 0.509950 0.787844 0.622226 0.237551 0.515298 0.113434 0.766963 0.872833 0.533393 0.579298 0.139880 0.765016 0.480315
0.135292 0.137159 0.938322 0.237444 0.008730 0.219701 0.018560 0.707113 0.308085 0.000741 0.736675 0.191320 0.369399 0.351157 0.686674 0.581087 0.622237 0.243980 0.436957 0.103679 0.332384 0.098116 0.509626 0.132748 0.947405 0.228359 0.481965 0.751088 0.200365 0.889002 0.153330 0.431480 0.086795 0.425585 0.889023 0.052592 0.658220 0.477993 0.157242 0.970008 0.905316 0.669798 0.289686 0.215226 0.771824 0.347960 0.638432 0.592046 0.588612 0.626414 0.103938 0.577279 0.170992 0.092833 0.652507 0.774733 0.765000 0.393919 0.048914 0.954056 0.768142 0.868877 0.980038 0.490307 0.790726 0.896825 0.325246 0.111727 0.489551 0.709837 0.961576 0.288663 0.613378 0.077449 0.163022 0.795613 0.359192 0.640275 0.262746 0.549762 0.689103 0.808786 0.611433 0.725032 0.115237 0.030340 0.184933 0.733386 0.797529 0.129210 0.835413 0.010319 0.259011 0.411549 0.333158 0.425620 0.547813 0.194006 0.888603 0.228400
0.397026 0.104787 0.308342 0.994042 0.094036 0.379198 0.243208 0.437888 0.612246 0.273553 0.136261 0.419543 0.723622 0.952982 0.615543 0.504918 0.428464 0.712691 0.734445 0.729380 0.676793 0.688798 0.362577 0.601470 0.599982 0.142730 0.272493 0.992224 0.900333 0.492379 0.629255 0.001671 0.019413 0.002374 0.530581 0.433259 0.789323 0.800276 0.265972 0.663764 0.217107 0.020336 0.667021 0.158717 0.198117 0.529407 0.313925 0.186823 0.761809 0.606974 0.357754 0.918502 0.862989 0.705455 0.837439 0.277948 0.896897 0.690048 0.346292 0.738839 0.653412 0.164906 0.978034 0.077882 0.863084 0.668299 0.433713 0.159861 0.241139 0.386636 0.908045 0.881009 0.910635 0.119566 0.017313 0.132319 0.854074 0.302808 0.083858 0.415745 0.042237 0.816684 0.110552 0.975381 0.551113 0.707978 0.607848 0.816667 0.191094 0.965230 0.991229 0.840886 0.298478 0.940996 0.942090 0.252554 0.205071 0.279554 0.086615 0.285762
0.470005 0.162343 0.802069 0.144373 0.587198 0.179187 0.002768 0.625043 0.625841 0.394359 0.564177 0.108901 0.600575 0.973685 0.419132 0.764430 0.453471 0.141981 0.059980 0.491880 0.934722 0.277566 0.681557 0.664665 0.409449 0.897474 0.571983 0.419339 0.100539 0.739477 0.204361 0.814090 0.737405 0.057993 0.868778 0.135640 0.127264 0.496986 0.547473 0.641775 0.816850 0.020199 0.182346 0.592392 0.655372 0.240295 0.887867 0.593127 0.202703 0.116929 0.908083 0.117125 0.564644 0.229106 0.106558 0.057297 0.636081 0.392378 0.332866 0.340035 0.369287 0.580996 0.624761 0.147939 0.054671 0.718148 0.989948 0.423022 0.449500 0.727352 0.035070 0.333276 0.485458 0.432353 0.823767 0.091387 0.990724 0.961501 0.121303 0.440493 0.163504 0.606333 0.033713 0.260073 0.851612 0.698957 0.131999 0.547845 0.501203 0.963283 0.242128 0.174066 0.704797 0.424148 0.397689 0.882055 0.005303 0.370354 0.645965 0.438323
0.204211 0.221522 0.681443 0.455130 0.088533 0.736887 0.729491 0.042472 0.456698 0.427611 0.658137 0.710866 0.131330 0.716125 0.041040 0.930776 0.890726 0.550037 0.553213 0.915924 0.637906 0.204768 0.140137 0.399423 0.949935 0.962662 0.045832 0.366293 0.684029 0.964980 0.381982 0.034904 0.469172 0.836215 0.933314 0.950757 0.803217 0.414945 0.401335 0.106040 0.147661 0.615557 0.807309 0.260806 0.016327 0.087261 0.795674 0.604978 0.937412 0.998215 0.438400 0.223936 0.331217 0.354033 0.571041 0.627677 0.361323 0.256150 0.420429 0.843083 0.345585 0.408793 0.350938 0.458776 0.871907 0.402181 0.104052 0.248982 0.417754 0.935078 0.920667 0.415039 0.605030 0.763933 0.941142 0.493999 0.183563 0.740893 0.552017 0.306741 0.225109 0.320815 0.404211 0.142672 0.661443 0.396940 0.360230 0.709523 0.505646 0.317853 0.900130 0.915530 0.552407 0.783449 0.690757 0.866036 0.213856 0.225116 0.335076 0.509619
0.148371 0.241106 0.106079 0.023263 0.771394 0.686611 0.804363 0.849220 0.971090 0.381863 0.960782 0.967601 0.297596 0.212812 0.955151 0.060188 0.697795 0.538739 0.767212 0.098189 0.147680 0.411744 0.343191 0.596619 0.568843 0.755247 0.074506 0.768167 0.398203 0.071736 0.552272 0.435682 0.591776 0.951742 0.470501 0.617093 0.344417 0.789203 0.626757 0.671438 0.258255 0.064957 0.587568 0.404898 0.472455 0.507946 0.867683 0.787958 0.830061 0.712218 0.181172 0.618310 0.852676 0.693468 0.240522 0.992816 0.845966 0.858051 0.230660 0.470884 0.840840 0.454229 0.061301 0.548133 0.586181 0.662246 0.551349 0.234587 0.905298 0.014447 0.945050 0.436478 0.886181 0.070460 0.775111 0.861855 0.454881 0.600984 0.342281 0.235088 0.658342 0.795082 0.434402 0.134477 0.933249 0.112625 0.078889 0.687305 0.393798 0.694989 0.486695 0.367398 0.769835 0.046247 0.026827 0.094325 0.402852 0.723493 0.661699 0.445458
0.749872 0.537700 0.501240 0.852757 0.269667 0.446418 0.686197 0.482485 0.130768 0.852083 0.218297 0.086025 0.966162 0.561461 0.283334 0.622084 0.238219 0.404673 0.435731 0.614120 0.065703 0.254075 0.668290 0.050894 0.586302 0.611725 0.859470 0.001506 0.220419 0.868844 0.029945 0.174207 0.179598 0.376828 0.187313 0.480826 0.127224 0.678187 0.804150 0.802951 0.084528 0.172239 0.962310 0.692747 0.808661 0.742150 0.966368 0.639023 0.548014 0.182002 0.405806 0.451713 0.519349 0.163980 0.625475 0.143332 0.586921 0.842107 0.558409 0.035719 0.642097 0.678421 0.562690 0.235443 0.097609 0.285814 0.403831 0.121627 0.628154 0.567332 0.792858 0.681062 0.710847 0.816668 0.987194 0.868934 0.353814 0.692915 0.809680 0.110335 0.590219 0.324108 0.428591 0.442919 0.788515 0.055982 0.075748 0.231518 0.929448 0.046372 0.245897 0.455810 0.116009 0.987744 0.238868 0.852558 0.765405 0.984412 0.064170 0.767512
0.122624 0.720076 0.556819 0.596098 0.405630 0.620871 0.721551 0.521861 0.141163 0.523924 0.788386 0.614530 0.677372 0.869730 0.750700 0.841119 0.840611 0.169272 0.419152 0.622595 0.851568 0.015618 0.480142 0.860164 0.677668 0.899820 0.627587 0.113383 0.510631 0.616300 0.053098 0.264901 0.983628 0.733272 0.529423 0.756000 0.857817 0.112066 0.503859 0.840115 0.628982 0.360008 0.145918 0.686972 0.741780 0.528555 0.578334 0.704561 0.689568 0.557475 0.437595 0.293741 0.005535 0.762917 0.009547 0.287319 0.733398 0.292756 0.965257 0.326671 0.910835 0.072246 0.793485 0.307877 0.744423 0.219798 0.559540 0.628717 0.577798 0.087676 0.772981 0.037495 0.524849 0.125793 0.637359 0.044911 0.071166 0.333667 0.380627 0.266107 0.683334 0.098086 0.122987 0.203646 0.119747 0.054587 0.168419 0.849019 0.090654 0.362604 0.654361 0.764999 0.715516 0.937581 0.450632 0.991088 0.480606 0.945682 0.173771 0.863449
0.358577 0.235711 0.500302 0.401486 0.713503 0.703429 0.316549 0.962696 0.594262 0.801960 0.383195 0.078379 0.827415 0.890554 0.166381 0.767330 0.928339 0.440635 0.722544 0.732562 0.356572 0.153075 0.545765 0.162172 0.462626 0.254721 0.357543 0.265328 0.520727 0.399557 0.316076 0.534490 0.452347 0.199781 0.136437 0.376095 0.475354 0.543293 0.018138 0.455787 0.645971 0.923719 0.778851 0.483584 0.605902 0.149177 0.111591 0.672373 0.274216 0.860670 0.882542 0.560809 0.676883 0.426078 0.726543 0.725117 0.040669 0.830793 0.312032 0.988117 0.758085 0.800246 0.232975 0.704275 0.343475 0.022877 0.906686 0.763170 0.706583 0.495184 0.590019 0.335875 0.528998 0.530844 0.293244 0.696184 0.689723 0.054619 0.613231 0.642151 0.633065 0.518522 0.737670 0.206818 0.081591 0.505807 0.391399 0.806968 0.884502 0.495628 0.287407 0.602598 0.780407 0.665136 0.464108 0.530711 0.096388 0.758814 0.053827 0.155599
0.751401 0.429571 0.437054 0.246472 0.511445 0.734432 0.840789 0.040281 0.702789 0.942554 0.918292 0.914173 0.254774 0.121275 0.861411 0.202686 0.081449 0.117895 0.961153 0.498543 0.414528 0.750290 0.247641 0.087897 0.577765 0.769578 0.678646 0.900853 0.949969 0.868786 0.441692 0.043295 0.278732 0.962478 0.539766 0.447014 0.590558 0.523403 0.929015 0.117013 0.408134 0.376616 0.060915 0.344689 0.340455 0.015284 0.978455 0.427099 0.557065 0.387121 0.695204 0.132513 0.850851 0.692869 0.520753 0.345679 0.849318 0.998397 0.016717 0.205290 0.099757 0.134314 0.056862 0.697369 0.394122 0.550209 0.957927 0.914683 0.573810 0.192463 0.216478 0.008331 0.017300 0.372724 0.501384 0.616615 0.051421 0.244949 0.487549 0.056689 0.719936 0.523212 0.460415 0.473419 0.384934 0.352263 0.500737 0.841743 0.984725 0.217296 0.438818 0.853104 0.207032 0.005394 0.964709 0.650193 0.222100 0.497046 0.335652 0.698816
0.501041 0.171237 0.522760 0.886456 0.548122 0.754284 0.011975 0.431321 0.797077 0.000270 0.537527 0.537269 0.906303 0.446735 0.184647 0.720658 0.967585 0.269359 0.183431 0.417920 0.427035 0.523578 0.039608 0.615667 0.685959 0.849700 0.460953 0.007174 0.987462 0.131917 0.871528 0.477250 0.488112 0.663643 0.552149 0.747031 0.728464 0.072090 0.206568 0.170253 0.247238 0.570988 0.926018 0.137358 0.004219 0.984050 0.844972 0.616689 0.460730 0.347104 0.743183 0.682235 0.580635 0.258844 0.303998 0.763085 0.796244 0.193837 0.917030 0.741148 0.583417 0.579415 0.091896 0.631613 0.788452 0.000595 0.128093 0.274386 0.230839 0.511429 0.197747 0.901786 0.763211 0.386672 0.641238 0.782271 0.001698 0.542296 0.343167 0.326050 0.038878 0.243333 0.480968 0.323640 0.100762 0.246766 0.161698 0.002746 0.544566 0.976271 0.144454 0.141908 0.031720 0.050828 0.119960 0.119088 0.881686 0.589257 0.483227 0.464836
0.932264 0.612652 0.893405 0.367571 0.747966 0.702537 0.133597 0.978436 0.281994 0.916838 0.778906 0.050743 0.240254 0.004408 0.600178 0.465523 0.062949 0.561562 0.156254 0.039193 0.401013 0.322947 0.817233 0.282472 0.380852 0.191328 0.536664 0.951070 0.365828 0.956818 0.683015 0.870697 0.383899 0.601453 0.471084 0.331280 0.945737 0.375927 0.104053 0.277549 0.632140 0.343721 0.403009 0.880068 0.262816 0.108160 0.133115 0.916914 0.936187 0.512144 0.841850 0.191370 0.387225 0.907492 0.954765 0.585745 0.086603 0.590942 0.101389 0.619872 0.235185 0.992502 0.809691 0.995013 0.534788 0.569848 0.890975 0.283354 0.325775 0.444867 0.203163 0.549275 0.673488 0.676924 0.684427 0.212563 0.269764 0.126576 0.829030 0.015223 0.491438 0.809467 0.315358 0.297899 0.705908 0.036069 0.321006 0.862444 0.475645 0.753413 0.839775 0.031866 0.480930 0.381048 0.567026 0.727067 0.499368 0.327781 0.354748 0.672377
0.876430 0.083450 0.631699 0.519174 0.575901 0.837377 0.425128 0.036988 0.782872 0.409307 0.636689 0.899312 0.365597 0.766629 0.764917 0.078365 0.480389 0.324674 0.394890 0.771957 0.316317 0.748443 0.047185 0.765104 0.495603 0.040849 0.748804 0.515245 0.391948 0.877998 0.135230 0.018342 0.418470 0.815665 0.444236 0.292924 0.117867 0.932392 0.871331 0.194976 0.700748 0.203160 0.480783 0.547886 0.473777 0.893341 0.779803 0.670715 0.405984 0.520332 0.087465 0.775364 0.051445 0.413337 0.766788 0.963025 0.837712 0.033847 0.686801 0.492418 0.930014 0.340058 0.352994 0.708568 0.177983 0.777236 0.904070 0.293646 0.045899 0.628072 0.792610 0.774320 0.657594 0.904567 0.150859 0.595795 0.438320 0.450707 0.257553 0.913820 0.274914 0.695825 0.322033 0.427916 0.819911 0.852213 0.142527 0.651786 0.245195 0.224198 0.920159 0.555757 0.936455 0.342003 0.499831 0.936568 0.930988 0.678963 0.722812 0.735275
0.643131 0.953723 0.334765 0.199881 0.397102 0.335507 0.904462 0.724062 0.898877 0.486999 0.530290 0.140744 0.389923 0.426691 0.310978 0.225317 0.659079 0.824868 0.308293 0.377948 0.579184 0.097606 0.535589 0.454934 0.143247 0.719986 0.243715 0.370366 0.988045 0.444838 0.685809 0.984557 0.560144 0.301798 0.884960 0.215746 0.400896 0.720117 0.254602 0.601634 0.557818 0.674566 0.658943 0.768442 0.430722 0.566060 0.566263 0.843850 0.294641 0.773476 0.451773 0.529213 0.494637 0.589706 0.750446 0.789490 0.613620 0.093290 0.365916 0.085682 0.834550 0.420682 0.179030 0.336457 0.150858 0.649627 0.922892 0.097996 0.413761 0.172747 0.928394 0.832774 0.373353 0.974548 0.364098 0.701966 0.411304 0.497550 0.677742 0.605078 0.287083 0.810691 0.709846 0.518437 0.277446 0.777014 0.860381 0.312901 0.476213 0.419013 0.906072 0.183318 0.167412 0.290560 0.039086 0.816602 0.608411 0.346788 0.981809 0.010642
0.480519 0.153673 0.477943 0.422588 0.894660 0.753743 0.569645 0.748066 0.788970 0.322470 0.316373 0.764556 0.216456 0.227263 0.965703 0.001637 0.194035 0.982390 0.072360 0.768355 0.270304 0.774207 0.238430 0.675054 0.993858 0.696385 0.315093 0.892207 0.298295 0.904729 0.530592 0.256454 0.210448 0.556715 0.619501 0.417064 0.693389 0.823337 0.820133 0.649713 0.652810 0.791843 0.586702 0.187604 0.529317 0.013959 0.483190 0.393247 0.204174 0.404815 0.426874 0.768131 0.932231 0.163543 0.255428 0.676262 0.612922 0.504637 0.250659 0.654423 0.754077 0.010556 0.048444 0.739067 0.524267 0.983454 0.987032 0.380975 0.334955 0.942039 0.203767 0.767546 0.162776 0.876296 0.057088 0.019475 0.207740 0.173056 0.589573 0.908277 0.858688 0.948943 0.621746 0.241823 0.899333 0.744735 0.154015 0.732270 0.242529 0.007754 0.724472 0.407852 0.643564 0.244340 0.988937 0.325681 0.085642 0.119630 0.576250 0.351205
0.164781 0.422369 0.118038 0.757381 0.665910 0.389625 0.705384 0.871062 0.908060 0.362773 0.415663 0.206328 0.154790 0.388518 0.401126 0.835349 0.553031 0.876601 0.364850 0.926067 0.522562 0.933981 0.847110 0.083191 0.588201 0.135841 0.661858 0.801047 0.440382 0.113016 0.216007 0.554401 0.316720 0.426823 0.920099 0.159802 0.462888 0.441462 0.530601 0.545952 0.924232 0.306795 0.772162 0.359443 0.504514 0.730800 0.605885 0.941131 0.853902 0.970447 0.424188 0.136499 0.620978 0.262222 0.842303 0.614092 0.887633 0.989051 0.966413 0.119851 0.627828 0.743710 0.809790 0.534684 0.481966 0.247942 0.348289 0.620830 0.522064 0.066244 0.001079 0.614289 0.111040 0.576858 0.901936 0.414716 0.070229 0.866944 0.361481 0.041515 0.731320 0.985394 0.026216 0.950917 0.995720 0.065308 0.897721 0.248225 0.772472 0.342538 0.804772 0.761052 0.659361 0.180118 0.123865 0.608084 0.107182 0.453486 0.776179 0.716488
0.735487 0.715598 0.104574 0.188612 0.031680 0.287508 0.917961 0.347291 0.911782 0.013951 0.147326 0.538799 0.984586 0.175065 0.329901 0.030381 0.011136 0.492557 0.563577 0.417037 0.557467 0.512499 0.073618 0.225803 0.891148 0.167401 0.481389 0.107039 0.353603 0.227891 0.604440 0.305088 0.058637 0.111022 0.757709 0.832958 0.301846 0.289960 0.057611 0.255177 0.766926 0.552171 0.817239 0.184583 0.992938 0.534464 0.723780 0.855351 0.627743 0.230374 0.432013 0.806452 0.936239 0.646669 0.147934 0.355995 0.327375 0.494775 0.705968 0.315621 0.715607 0.872244 0.464853 0.669457 0.052182 0.724093 0.517599 0.639597 0.520459 0.450184 0.852005 0.156860 0.730195 0.642378 0.175440 0.775400 0.548338 0.915551 0.114562 0.687970 0.191402 0.616318 0.779765 0.709252 0.357398 0.877485 0.404685 0.230792 0.637691 0.115637 0.444886 0.672641 0.024308 0.546825 0.950042 0.829015 0.089722 0.027753 0.047453 0.056274
0.116850 0.495513 0.641031 0.674773 0.312579 0.260080 0.832947 0.924145 0.573112 0.554010 0.268829 0.169044 0.788934 0.677938 0.926899 0.264289 0.153685 0.400031 0.128338 0.555384 0.438312 0.568929 0.474485 0.873115 0.889573 0.994378 0.942851 0.457221 0.328146 0.338766 0.510098 0.089993 0.553508 0.945100 0.963066 0.393498 0.531722 0.322093 0.418922 0.795714 0.699500 0.710049 0.182307 0.423015 0.764881 0.613406 0.123040 0.005364 0.693833 0.684842 0.974635 0.356668 0.806301 0.594533 0.631545 0.959134 0.971341 0.206416 0.364779 0.912495 0.701887 0.082973 0.293629 0.867466 0.211628 0.469723 0.166351 0.483714 0.813265 0.187220 0.481256 0.832007 0.993501 0.159065 0.267940 0.100611 0.230778 0.040140 0.419004 0.444037 0.099473 0.313148 0.129424 0.998352 0.803239 0.567137 0.463529 0.925806 0.123243 0.172742 0.022252 0.917568 0.568769 0.383376 0.167656 0.472811 0.863549 0.609064 0.599489 0.193146
0.155721 0.945513 0.036231 0.315993 0.948944 0.400317 0.674958 0.590195 0.827526 0.429231 0.594971 0.223938 0.652107 0.580421 0.846372 0.891430 0.637260 0.391016 0.996460 0.469585 0.124850 0.470102 0.131348 0.269015 0.005203 0.162980 0.015699 0.081915 0.244763 0.028434 0.845570 0.278868 0.538137 0.434803 0.672808 0.328515 0.588719 0.903694 0.725736 0.256432 0.237647 0.895216 0.007476 0.281068 0.266480 0.798791 0.633628 0.014011 0.166707 0.043254 0.256323 0.176314 0.635594 0.296510 0.355498 0.880519 0.233300 0.477214 0.012406 0.210209 0.674259 0.480655 0.623910 0.371090 0.325445 0.789765 0.268991 0.840365 0.344755 0.895279 0.213119 0.268920 0.120116 0.656211 0.449237 0.442802 0.368398 0.794747 0.516050 0.361838 0.183074 0.190531 0.310974 0.496155 0.650219 0.664656 0.732911 0.388309 0.565861 0.152616 0.659246 0.213513 0.687758 0.239056 0.550855 0.998978 0.124417 0.637636 0.002891 0.499386
0.583039 0.896318 0.173069 0.564683 0.377946 0.848402 0.483732 0.100759 0.329979 0.216815 0.090373 0.039177 0.462792 0.731235 0.267195 0.219600 0.909098 0.278708 0.702101 0.262922 0.609960 0.640219 0.064038 0.786575 0.642207 0.354534 0.635804 0.155884 0.962542 0.014665 0.452577 0.251743 0.795700 0.249663 0.251451 0.920855 0.887671 0.678772 0.796742 0.612328 0.255831 0.599165 0.973786 0.689442 0.260464 0.228159 0.120432 0.012712 0.194128 0.262498 0.246308 0.264241 0.963908 0.520033 0.151128 0.166488 0.628760 0.655443 0.831996 0.605552 0.020681 0.672747 0.088707 0.520685 0.999504 0.263665 0.638798 0.673322 0.975855 0.362382 0.979007 0.051744 0.751351 0.222252 0.157242 0.887439 0.405981 0.925352 0.980979 0.309684 0.230340 0.105327 0.465403 0.231125 0.598976 0.425259 0.144161 0.771383 0.272634 0.032001 0.119114 0.004786 0.780198 0.572118 0.879906 0.205381 0.032155 0.437698 0.297329 0.899720
0.201034 0.169905 0.894876 0.347906 0.745235 0.195974 0.512392 0.454173 0.438068 0.109818 0.710482 0.369948 0.670494 0.724613 0.521622 0.372943 0.864634 0.904077 0.843968 0.856117 0.858701 0.513898 0.603749 0.143912 0.600586 0.652728 0.120598 0.808009 0.457068 0.017355 0.237514 0.411130 0.345225 0.030164 0.909671 0.667238 0.105292 0.112922 0.839488 0.752954 0.884831 0.623769 0.143859 0.461020 0.286664 0.815273 0.024871 0.084269 0.059712 0.062686 0.196318 0.841671 0.737900 0.539002 0.112465 0.453250 0.118032 0.704255 0.589636 0.544288 0.122122 0.370533 0.263836 0.874313 0.406789 0.852163 0.438956 0.797807 0.641168 0.894339 0.362579 0.914346 0.933207 0.835667 0.223170 0.144191 0.935626 0.244359 0.172277 0.584356 0.630754 0.218894 0.164262 0.951896 0.727675 0.729425 0.466964 0.412398 0.283991 0.748734 0.407375 0.019042 0.734807 0.624320 0.946473 0.290347 0.708625 0.261837 0.460224 0.467563
0.590064 0.103453 0.674644 0.821260 0.632710 0.139089 0.351343 0.208856 0.496814 0.802435 0.005059 0.806529 0.596240 0.076688 0.586825 0.899608 0.710167 0.995998 0.844682 0.910828 0.984836 0.616737 0.980418 0.332322 0.555989 0.463727 0.100543 0.879846 0.465927 0.369552 0.152586 0.399330 0.733803 0.754197 0.314567 0.766203 0.935222 0.819768 0.295970 0.476300 0.708878 0.185861 0.661255 0.639836 0.190135 0.060755 0.323732 0.971246 0.614882 0.573579 0.228380 0.039604 0.727695 0.051462 0.876965 0.401572 0.092664 0.061770 0.675688 0.004246 0.980728 0.349678 0.703363 0.015774 0.614494 0.732403 0.818131 0.124712 0.787566 0.868305 0.673587 0.619949 0.484211 0.237934 0.019878 0.289715 0.052738 0.337392 0.601058 0.257636 0.560757 0.271975 0.144631 0.621086 0.356978 0.606586 0.632201 0.903292 0.679689 0.133674 0.881081 0.523188 0.343205 0.724112 0.184549 0.222926 0.975281 0.794704 0.947683 0.048047
0.162838 0.927295 0.840066 0.058182 0.034538 0.768826 0.290848 0.424849 0.484301 0.930219 0.324822 0.539976 0.019599 0.512706 0.430191 0.833326 0.611390 0.849971 0.143381 0.282927 0.877060 0.783060 0.574838 0.219264 0.748540 0.132902 0.432581 0.654091 0.186431 0.752180 0.442539 0.532174 0.403958 0.296474 0.444486 0.709270 0.636221 0.736125 0.449848 0.172985 0.668380 0.105424 0.304917 0.234223 0.857068 0.083776 0.100000 0.985055 0.144447 0.581186 0.198529 0.265341 0.868029 0.039511 0.154938 0.938038 0.686682 0.653177 0.253950 0.889003 0.997121 0.227145 0.472029 0.698465 0.453421 0.737660 0.546973 0.369820 0.964324 0.970668 0.600521 0.038547 0.076316 0.787961 0.634230 0.128927 0.133263 0.297112 0.861460 0.216597 0.854693 0.062345 0.965961 0.391064 0.664510 0.896509 0.075584 0.330049 0.275261 0.378959 0.759229 0.163741 0.830641 0.653140 0.734877 0.503904 0.203630 0.327619 0.074841 0.283289
0.271791 0.657318 0.959303 0.417865 0.035713 0.090960 0.066637 0.957474 0.689535 0.004423 0.162628 0.500561 0.283507 0.865735 0.768910 0.022112 0.915733 0.481858 0.629693 0.494013 0.434985 0.991553 0.813049 0.720459 0.222332 0.435987 0.470128 0.341489 0.026040 0.502570 0.894541 0.125260 0.142360 0.169899 0.349011 0.607940 0.260395 0.433275 0.615500 0.799261 0.252859 0.573902 0.015673 0.685127 0.453802 0.636592 0.503354 0.239313 0.723006 0.604188 0.326176 0.808091 0.801433 0.994140 0.104665 0.175122 0.449492 0.146406 0.861589 0.090398 0.134744 0.809625 0.388851 0.207070 0.951750 0.003492 0.977376 0.492431 0.578280 0.839673 0.253094 0.814752 0.549285 0.129356 0.399759 0.211844 0.896389 0.919566 0.698779 0.508980 0.084524 0.483793 0.217642 0.800646 0.147131 0.250507 0.541152 0.694667 0.740995 0.293953 0.919103 0.258094 0.472802 0.765765 0.379668 0.349831 0.772081 0.346076 0.039429 0.184628
0.722798 0.170324 0.186981 0.999184 0.901721 0.997801 0.715949 0.674490 0.742008 0.039619 0.234073 0.204422 0.283634 0.637602 0.627183 0.172883 0.322968 0.352165 0.462342 0.668047 0.110271 0.860662 0.256115 0.026862 0.753818 0.366840 0.761480 0.402452 0.242166 0.254850 0.394290 0.715431 0.847148 0.216537 0.065925 0.013502 0.791143 0.808102 0.763559 0.990944 0.903600 0.427158 0.556896 0.373160 0.039645 0.847469 0.956849 0.517096 0.826982 0.867519 0.232635 0.067064 0.303628 0.874987 0.350687 0.508790 0.425325 0.718760 0.436925 0.234152 0.694891 0.683663 0.290668 0.536434 0.246192 0.071932 0.049503 0.606406 0.500004 0.260853 0.063642 0.004015 0.521402 0.297144 0.693538 0.479299 0.901906 0.994691 0.372236 0.177001 0.725104 0.045403 0.873274 0.652465 0.910093 0.723075 0.955339 0.096724 0.276649 0.524550 0.361250 0.009137 0.934133 0.356273 0.970843 0.554780 0.503306 0.264415 0.154083 0.906526
0.473481 0.537110 0.782566 0.667755 0.682118 0.825929 0.363708 0.025004 0.510186 0.891437 0.290894 0.704142 0.293630 0.753424 0.256916 0.297355 0.774685 0.348679 0.033949 0.559894 0.551036 0.453537 0.456666 0.677573 0.631088 0.830070 0.234512 0.890143 0.518537 0.127445 0.228926 0.729543 0.269293 0.729886 0.343593 0.973337 0.891516 0.329539 0.986339 0.267354 0.354537 0.885802 0.306948 0.187112 0.826514 0.877223 0.228276 0.807731 0.200340 0.915130 0.707981 0.238106 0.279016 0.474340 0.871066 0.042810 0.433291 0.684852 0.108747 0.252078 0.955019 0.633334 0.394923 0.349400 0.380794 0.577036 0.298996 0.312824 0.982051 0.130029 0.946188 0.234604 0.058252 0.300639 0.920550 0.634545 0.240759 0.175844 0.472211 0.620445 0.352647 0.899339 0.662528 0.620298 0.780845 0.563196 0.452320 0.813593 0.175431 0.546014 0.199618 0.455382 0.664481 0.568700 0.820710 0.675751 0.007821 0.266958 0.025027 0.805313
0.245511 0.346124 0.491321 0.125569 0.094402 0.655545 0.676901 0.082760 0.367773 0.026467 0.356391 0.404313 0.292381 0.342740 0.848329 0.661973 0.103574 0.119957 0.251646 0.988025 0.585385 0.781356 0.442560 0.281893 0.320562 0.072594 0.622196 0.798163 0.172117 0.921238 0.733657 0.813193 0.403110 0.504882 0.248244 0.850322 0.530908 0.140971 0.016027 0.734358 0.655977 0.594083 0.236058 0.237727 0.293659 0.653174 0.695035 0.128534 0.494188 0.276248 0.487249 0.727881 0.903206 0.402390 0.862878 0.354889 0.934287 0.217041 0.575016 0.023130 0.193504 0.340336 0.207008 0.361663 0.821344 0.826379 0.913366 0.761665 0.253656 0.041388 0.575938 0.437759 0.869988 0.850847 0.585115 0.094014 0.433934 0.269506 0.199960 0.671325 0.839298 0.412824 0.478331 0.031060 0.651340 0.920319 0.111816 0.833875 0.829565 0.292354 0.110787 0.323891 0.782355 0.080465 0.408930 0.473664 0.676158 0.144333 0.472691 0.123474
0.819216 0.823546 0.762877 0.151352 0.238154 0.117977 0.357310 0.742966 0.545021 0.499446 0.040098 0.809355 0.015936 0.368603 0.662150 0.993962 0.461025 0.503273 0.909732 0.415926 0.671843 0.788908 0.500070 0.758181 0.458478 0.594678 0.181980 0.952563 0.105323 0.310432 0.831532 0.133063 0.469409 0.680018 0.778038 0.640439 0.607438 0.702255 0.933838 0.391671 0.901622 0.714486 0.139494 0.231298 0.943617 0.530138 0.568946 0.907580 0.822800 0.562396 0.424555 0.088831 0.981080 0.048718 0.191273 0.428105 0.491154 0.911949 0.066185 0.258798 0.251624 0.732096 0.735271 0.755862 0.424294 0.931409 0.487787 0.404347 0.809469 0.001575 0.340373 0.080993 0.383614 0.645438 0.405259 0.832486 0.545061 0.611157 0.312857 0.742986 0.282834 0.629839 0.950861 0.870936 0.576363 0.366733 0.501602 0.176841 0.887582 0.258705 0.776885 0.711902 0.156930 0.062435 0.338650 0.415376 0.747665 0.742741 0.010105 0.413807
0.248031 0.460814 0.860525 0.662160 0.577449 0.810376 0.791469 0.608400 0.978143 0.968084 0.789357 0.354700 0.735050 0.305376 0.159563 0.461717 0.097473 0.072431 0.211667 0.679737 0.592750 0.897962 0.517115 0.215316 0.223571 0.631965 0.542127 0.938075 0.559416 0.907432 0.194613 0.565518 0.703158 0.853165 0.367938 0.476235 0.449429 0.624641 0.121981 0.721627 0.842591 0.592803 0.880615 0.558019 0.785026 0.626011 0.049782 0.258479 0.755978 0.290214 0.238670 0.640157 0.452949 0.058393 0.587609 0.633386 0.613173 0.982567 0.497764 0.965572 0.165862 0.257342 0.928482 0.826518 0.120787 0.211400 0.248117 0.945902 0.476524 0.596350 0.668186 0.469518 0.450141 0.681315 0.439569 0.720276 0.346308 0.588291 0.481964 0.044361 0.010088 0.810104 0.621710 0.578276 0.015453 0.349108 0.678907 0.697632 0.064767 0.212330 0.699826 0.272729 0.670589 0.909061 0.429905 0.774642 0.772173 0.220057 0.998319 0.207901
0.372069 0.180505 0.022403 0.061318 0.195674 0.742132 0.140388 0.994948 0.267330 0.886933 0.183804 0.466296 0.357997 0.139309 0.557094 0.872264 0.256302 0.523855 0.163492 0.280403 0.178427 0.061243 0.145495 0.598598 0.992983 0.454737 0.455401 0.556371 0.080826 0.214025 0.050670 0.795647 0.785051 0.682195 0.272103 0.803848 0.815645 0.994805 0.235147 0.383321 0.320794 0.617020 0.183126 0.081331 0.784085 0.607175 0.602139 0.214270 0.054767 0.705361 0.713158 0.388992 0.118434 0.915259 0.498445 0.000821 0.788124 0.314840 0.863947 0.499076 0.577601 0.691932 0.173479 0.247719 0.227945 0.374136 0.131260 0.253529 0.832281 0.215779 0.436207 0.652999 0.872592 0.079148 0.654498 0.463110 0.322520 0.920556 0.215512 0.524578 0.094771 0.147412 0.240148 0.338170 0.971996 0.291816 0.859990 0.739849 0.196620 0.763939 0.866247 0.544733 0.308381 0.493521 0.272082 0.313675 0.841562 0.543509 0.274509 0.473442
0.808865 0.086079 0.736847 0.484581 0.958254 0.915408 0.957741 0.663516 0.980507 0.063194 0.352175 0.260030 0.020879 0.564345 0.628899 0.285981 0.016550 0.916612 0.600727 0.193760 0.255530 0.196582 0.209862 0.743137 0.662861 0.035909 0.154869 0.079543 0.363622 0.571827 0.470511 0.971152 0.743546 0.022915 0.719724 0.258762 0.153340 0.769922 0.985186 0.152152 0.178409 0.981482 0.926757 0.517642 0.884402 0.792420 0.072633 0.777331 0.225039 0.750010 0.512224 0.041608 0.933377 0.509884 0.520006 0.842494 0.896218 0.657368 0.199456 0.243633 0.573538 0.650471 0.308567 0.630212 0.747375 0.702163 0.671308 0.092682 0.327692 0.428323 0.941003 0.960619 0.768153 0.455830 0.674280 0.030508 0.276141 0.960643 0.199443 0.060499 0.846196 0.443835 0.722878 0.272751 0.230443 0.083473 0.544783 0.624520 0.172771 0.855911 0.136576 0.489399 0.456838 0.316360 0.271210 0.769693 0.953865 0.576673 0.761160 0.992524
0.767643 0.657991 0.435403 0.934949 0.353062 0.431854 0.417234 0.669306 0.696368 0.636390 0.443546 0.884613 0.668781 0.024796 0.045464 0.065132 0.958392 0.760015 0.387997 0.732483 0.872423 0.117128 0.984127 0.902636 0.591840 0.170359 0.059526 0.679803 0.917380 0.064813 0.955277 0.182256 0.721289 0.451599 0.579492 0.004474 0.863675 0.507143 0.656281 0.522364 0.201886 0.367643 0.743869 0.336408 0.317550 0.823994 0.251738 0.996417 0.722712 0.114023 0.546558 0.370993 0.922089 0.719637 0.823938 0.145908 0.897264 0.393780 0.837901 0.882761 0.132749 0.015510 0.377316 0.933926 0.401102 0.576392 0.701921 0.652602 0.149709 0.341339 0.120714 0.411753 0.754081 0.271686 0.097086 0.576961 0.174772 0.354651 0.572180 0.046481 0.469552 0.586976 0.238870 0.319032 0.289482 0.953351 0.445778 0.003620 0.721105 0.883772 0.618268 0.215243 0.989220 0.874370 0.357663 0.518860 0.004301 0.343501 0.606173 0.925597
0.287714 0.376815 0.609374 0.892941 0.904501 0.124703 0.890764 0.718666 0.476645 0.040180 0.348746 0.327538 0.837081 0.456633 0.332682 0.958089 0.093545 0.202609 0.340242 0.418346 0.657021 0.005534 0.857213 0.596141 0.349681 0.983968 0.058836 0.452386 0.055320 0.274003 0.892989 0.296087 0.213886 0.781636 0.142407 0.635218 0.520690 0.187801 0.918299 0.956479 0.414696 0.479168 0.552325 0.963335 0.047079 0.267331 0.827421 0.182521 0.506240 0.513642 0.711077 0.444752 0.328411 0.837848 0.910269 0.938837 0.371990 0.956382 0.584153 0.562011 0.014892 0.353401 0.809924 0.790248 0.358534 0.203607 0.979881 0.916588 0.971165 0.199057 0.038696 0.120751 0.429004 0.134412 0.714469 0.354620 0.739393 0.673187 0.531129 0.539265 0.556873 0.929316 0.716862 0.888638 0.804238 0.076543 0.556070 0.157451 0.691929 0.875332 0.861023 0.719689 0.928618 0.490057 0.344064 0.340394 0.510693 0.800725 0.706562 0.524366
0.322106 0.835788 0.849820 0.357555 0.326147 0.849254 0.174131 0.385429 0.680485 0.676776 0.330855 0.493615 0.742816 0.730836 0.652594 0.561487 0.428591 0.620855 0.774484 0.562383 0.736709 0.738460 0.639771 0.124559 0.660113 0.833467 0.775271 0.319682 0.777912 0.328208 0.236510 0.934215 0.427067 0.954980 0.675698 0.140360 0.004123 0.653570 0.695493 0.827135 0.071604 0.445024 0.636089 0.556584 0.828082 0.150702 0.593782 0.667212 0.583057 0.316601 0.537959 0.335078 0.330256 0.423230 0.571018 0.483564 0.522614 0.029518 0.046382 0.548942 0.350045 0.722609 0.395478 0.257719 0.281645 0.124394 0.979458 0.805833 0.346164 0.232458 0.852878 0.421822 0.722249 0.119591 0.775494 0.829777 0.136454 0.446301 0.869797 0.434997 0.083254 0.569519 0.006713 0.134619 0.191343 0.132140 0.152747 0.903981 0.550749 0.902970 0.891999 0.753542 0.584224 0.309666 0.007574 0.332716 0.290207 0.012834 0.896467 0.497487
0.801064 0.950256 0.294897 0.244423 0.155901 0.720552 0.907883 0.130862 0.587915 0.381191 0.565867 0.968904 0.850022 0.497293 0.705011 0.356546 0.246097 0.456312 0.711157 0.413243 0.910662 0.670139 0.445910 0.340927 0.519351 0.314453 0.634050 0.594807 0.867301 0.707208 0.641553 0.922427 0.136442 0.427612 0.645270 0.357677 0.387151 0.552689 0.252583 0.358283 0.583633 0.138578 0.780533 0.876350 0.437524 0.479671 0.801367 0.145375 0.969885 0.110136 0.226248 0.647452 0.492957 0.452869 0.913900 0.816030 0.197915 0.201452 0.357185 0.806163 0.454772 0.379663 0.805571 0.015809 0.002351 0.060084 0.998177 0.916075 0.435983 0.019864 0.451526 0.767339 0.229482 0.646598 0.130756 0.811981 0.352136 0.748372 0.521512 0.632757 0.321460 0.876565 0.515724 0.474783 0.663253 0.456454 0.823282 0.293897 0.246646 0.138113 0.508923 0.437702 0.619258 0.121713 0.345642 0.666549 0.186437 0.624411 0.852851 0.289330
0.610809 0.952476 0.943286 0.989413 0.035121 0.164717 0.910854 0.482623 0.824051 0.976753 0.204695 0.757235 0.076256 0.211191 0.836273 0.016026 0.121509 0.258361 0.307607 0.180108 0.626943 0.409252 0.399669 0.065860 0.672408 0.014389 0.043200 0.398971 0.120035 0.009413 0.839873 0.760665 0.462972 0.062041 0.749218 0.284444 0.117521 0.732445 0.266669 0.572049 0.868990 0.224514 0.450803 0.305415 0.916502 0.469390 0.098107 0.114962 0.431595 0.889485 0.956351 0.775416 0.572865 0.011989 0.494275 0.798300 0.273352 0.144326 0.819127 0.430470 0.029806 0.899768 0.476568 0.569522 0.179902 0.814230 0.276136 0.976279 0.925584 0.889032 0.719281 0.638564 0.754122 0.567107 0.752538 0.741487 0.648753 0.062975 0.696333 0.005026 0.721008 0.919723 0.649132 0.763377 0.372214 0.830415 0.390733 0.184630 0.339524 0.480832 0.155533 0.322303 0.455541 0.233404 0.675682 0.553135 0.993190 0.689413 0.366317 0.744792
0.830050 0.845294 0.205256 0.949809 0.827013 0.598028 0.961160 0.596987 0.387757 0.596253 0.529796 0.185872 0.457342 0.553868 0.115174 0.290361 0.674852 0.335933 0.979393 0.792966 0.596302 0.524849 0.474844 0.890942 0.465497 0.627652 0.392488 0.970377 0.387979 0.803803 0.205038 0.754749 0.257892 0.251847 0.511826 0.520597 0.525368 0.446959 0.043678 0.576846 0.115156 0.707322 0.758815 0.283804 0.205777 0.147784 0.705688 0.960667 0.302331 0.904226 0.727842 0.093584 0.651642 0.523509 0.771585 0.823404 0.487148 0.993544 0.439801 0.455460 0.211636 0.290849 0.766064 0.153032 0.926466 0.533700 0.029394 0.062963 0.980082 0.700120 0.642379 0.801002 0.331017 0.873237 0.995797 0.729762 0.749779 0.463229 0.725694 0.255215 0.364890 0.436246 0.364828 0.329743 0.136736 0.231711 0.752041 0.428730 0.835507 0.033706 0.411972 0.349726 0.678158 0.699855 0.660040 0.288909 0.545788 0.564983 0.229045 0.440079
0.161762 0.532171 0.565580 0.727568 0.382266 0.820074 0.093546 0.785218 0.200203 0.415503 0.017433 0.376601 0.360004 0.593239 0.068776 0.258854 0.956946 0.988618 0.965501 0.248026 0.307166 0.426218 0.177545 0.140210 0.307755 0.393958 0.549034 0.017323 0.196788 0.873807 0.242125 0.537172 0.491020 0.603832 0.213991 0.047840 0.075517 0.815158 0.940423 0.421937 0.415657 0.872468 0.886263 0.746049 0.376075 0.660180 0.977683 0.210793 0.025109 0.953861 0.930145 0.561510 0.429102 0.751023 0.282295 0.175432 0.428263 0.362106 0.885196 0.248411 0.920441 0.314582 0.844587 0.491928 0.840795 0.801503 0.066849 0.763382 0.361137 0.282664 0.058376 0.850159 0.679900 0.133797 0.571093 0.743394 0.908128 0.985963 0.560741 0.245224 0.166848 0.301890 0.202911 0.832225 0.739893 0.236631 0.444777 0.086798 0.017895 0.685008 0.718759 0.053102 0.271933 0.148883 0.416000 0.294239 0.509167 0.507724 0.345851 0.192294
0.541976 0.043246 0.268198 0.159019 0.496805 0.252269 0.947370 0.651472 0.096327 0.980677 0.006918 0.654508 0.955154 0.545308 0.791261 0.653664 0.934903 0.400722 0.459525 0.345336 0.139042 0.324448 0.709263 0.100112 0.922245 0.377816 0.803510 0.609653 0.863793 0.363814 0.101669 0.466330 0.982415 0.525419 0.134517 0.374762 0.399075 0.706136 0.554427 0.058216 0.744584 0.697410 0.648427 0.542327 0.379647 0.486622 0.135857 0.357448 0.526067 0.505325 0.944851 0.652850 0.035507 0.023619 0.080521 0.453641 0.401129 0.016795 0.668931 0.417333 0.969978 0.130841 0.922011 0.020587 0.640963 0.614007 0.281083 0.217949 0.835917 0.118572 0.245896 0.215973 0.957513 0.411713 0.086736 0.221415 0.797571 0.152748 0.831284 0.555771 0.193631 0.169273 0.435310 0.245901 0.499780 0.208905 0.131743 0.997514 0.211306 0.348552 0.425906 0.674172 0.895172 0.414342 0.908304 0.005864 0.830180 0.479261 0.319207 0.978417
0.243621 0.731580 0.103828 0.189593 0.352483 0.970517 0.777994 0.022306 0.079888 0.390136 0.624056 0.049000 0.023254 0.809846 0.040420 0.698230 0.323386 0.818561 0.430728 0.874359 0.806415 0.077000 0.220974 0.800588 0.342485 0.758785 0.321906 0.508076 0.524921 0.391930 0.725047 0.073756 0.692584 0.351117 0.855318 0.100185 0.352236 0.355873 0.064691 0.142279 0.413663 0.084465 0.232718 0.488601 0.953970 0.614911 0.847523 0.187499 0.546197 0.433975 0.288851 0.145986 0.105144 0.373021 0.969266 0.939375 0.028608 0.934653 0.434995 0.240210 0.823134 0.166058 0.605895 0.896475 0.766944 0.119947 0.885055 0.876438 0.214781 0.175237 0.998052 0.901013 0.452902 0.276794 0.783399 0.368061 0.279996 0.251061 0.536301 0.095096 0.509881 0.061696 0.271776 0.110487 0.395769 0.926753 0.491123 0.482111 0.473002 0.352765 0.552408 0.543457 0.265337 0.217054 0.894934 0.536313 0.623032 0.312009 0.978231 0.911997
0.591607 0.519333 0.790984 0.737282 0.313466 0.507198 0.671693 0.465213 0.449854 0.914891 0.467053 0.243797 0.408403 0.542813 0.196665 0.447645 0.665481 0.888039 0.569055 0.149902 0.685231 0.551463 0.194183 0.391075 0.322491 0.413677 0.034924 0.692184 0.336230 0.196283 0.251392 0.884111 0.739196 0.560542 0.180865 0.835718 0.258524 0.352244 0.274537 0.997188 0.570095 0.326968 0.542795 0.568658 0.425063 0.644467 0.735429 0.479652 0.584614 0.144773 0.616270 0.387332 0.201263 0.815208 0.207376 0.605884 0.474575 0.715543 0.323408 0.273306 0.331699 0.361087 0.175585 0.404913 0.468260 0.676895 0.685546 0.354715 0.780267 0.100666 0.936206 0.416833 0.669785 0.382265 0.742013 0.877710 0.972007 0.199665 0.068024 0.032322 0.754766 0.524856 0.413971 0.666858 0.302453 0.532133 0.292786 0.448271 0.881704 0.024115 0.232616 0.332641 0.267850 0.235680 0.420315 0.788447 0.056807 0.051858 0.756518 0.764431
0.647144 0.724362 0.730882 0.273718 0.424680 0.644107 0.202249 0.661610 0.353747 0.474966 0.003606 0.774233 0.512374 0.339699 0.938779 0.429928 0.182450 0.583296 0.019837 0.691347 0.091809 0.008124 0.175690 0.399962 0.141468 0.826236 0.071188 0.907222 0.979815 0.295511 0.578020 0.201278 0.003242 0.349194 0.938724 0.033228 0.393777 0.314736 0.594854 0.431336 0.402448 0.652546 0.357417 0.926778 0.050295 0.823877 0.547188 0.521940 0.600688 0.959713 0.181394 0.445411 0.607633 0.372013 0.052361 0.405688 0.997166 0.111511 0.261721 0.420199 0.625556 0.709124 0.861960 0.852160 0.035842 0.527254 0.738639 0.714453 0.831259 0.639383 0.588890 0.787572 0.890199 0.951610 0.421644 0.802663 0.635365 0.480711 0.716563 0.333777 0.577908 0.424541 0.821950 0.224347 0.289842 0.045495 0.921666 0.475488 0.247689 0.306559 0.785623 0.056638 0.628716 0.121497 0.693009 0.130371 0.221534 0.157763 0.877911 0.114721
0.033408 0.738254 0.537430 0.626230 0.425295 0.425722 0.347028 0.427181 0.735507 0.570872 0.249375 0.832366 0.911781 0.530193 0.988902 0.268481 0.177220 0.428518 0.898722 0.734069 0.436402 0.843232 0.523089 0.908964 0.436338 0.673319 0.692290 0.393938 0.267369 0.486490 0.020606 0.504622 0.352222 0.790934 0.795193 0.131776 0.979279 0.642554 0.085306 0.677009 0.629577 0.821924 0.334841 0.125127 0.272825 0.232116 0.949278 0.619125 0.470081 0.550274 0.256588 0.601683 0.296587 0.940910 0.064306 0.326529 0.173497 0.593815 0.357174 0.103424 0.664781 0.191702 0.860413 0.274533 0.035620 0.780397 0.344918 0.019206 0.022018 0.587370 0.448401 0.284569 0.744115 0.039906 0.622304 0.243236 0.436870 0.731086 0.444489 0.756336 0.286528 0.314117 0.379167 0.095381 0.945493 0.510880 0.934335 0.217763 0.828742 0.939008 0.814684 0.099962 0.660003 0.696088 0.267447 0.172585 0.551496 0.832540 0.753232 0.689738
0.054132 0.740422 0.772319 0.694907 0.338924 0.113751 0.127286 0.502603 0.515705 0.293882 0.302450 0.500867 0.454738 0.975729 0.604975 0.310841 0.678316 0.677046 0.565177 0.374076 0.526102 0.823140 0.942205 0.096980 0.802921 0.015234 0.155455 0.193170 0.450103 0.318444 0.105609 0.621729 0.286852 0.833017 0.620250 0.962724 0.617519 0.725985 0.553324 0.578384 0.428651 0.875698 0.772015 0.678996 0.168887 0.224895 0.482361 0.282209 0.256534 0.676754 0.789339 0.318927 0.301700 0.139665 0.194463 0.032339 0.977744 0.716912 0.618993 0.703015 0.864409 0.390280 0.757456 0.808144 0.144010 0.839458 0.621348 0.029767 0.791617 0.034698 0.750056 0.085358 0.984011 0.848373 0.673410 0.306133 0.519545 0.109883 0.560784 0.515311 0.856865 0.338411 0.950317 0.122020 0.813276 0.835162 0.813347 0.696433 0.612094 0.388142 0.152210 0.933659 0.402150 0.285139 0.912386 0.505353 0.953587 0.113529 0.117251 0.590815
0.361319 0.375502 0.065835 0.777641 0.554701 0.949407 0.868213 0.688495 0.829138 0.142888 0.787821 0.116096 0.640194 0.282731 0.528476 0.936225 0.675335 0.415108 0.402463 0.391595 0.664872 0.949859 0.631486 0.794788 0.108512 0.678774 0.621598 0.530295 0.646608 0.277626 0.227319 0.372208 0.278634 0.312616 0.944259 0.013302 0.162901 0.951232 0.305545 0.325360 0.862148 0.071874 0.110981 0.329004 0.089456 0.764791 0.433612 0.750804 0.553512 0.057895 0.715985 0.432960 0.630425 0.400755 0.567020 0.554574 0.630847 0.357946 0.386910 0.468412 0.214608 0.856784 0.118371 0.406874 0.662036 0.422782 0.708516 0.261966 0.894288 0.026920 0.276934 0.186647 0.737830 0.250391 0.735038 0.845214 0.191094 0.721652 0.447307 0.734689 0.640022 0.844486 0.329608 0.568917 0.644767 0.246039 0.437463 0.913526 0.781772 0.008151 0.997698 0.092805 0.064203 0.176031 0.446167 0.480160 0.133908 0.578668 0.504816 0.284025
0.002862 0.969918 0.506262 0.505222 0.548167 0.431852 0.824905 0.537765 0.678862 0.616063 0.983746 0.768890 0.332101 0.983525 0.526437 0.273702 0.681204 0.470383 0.632406 0.356741 0.933570 0.520506 0.976822 0.580321 0.161665 0.922928 0.125531 0.663847 0.620085 0.876859 0.933903 0.124990 0.260674 0.762030 0.854951 0.633341 0.578658 0.506265 0.929670 0.441901 0.692220 0.992718 0.071930 0.868274 0.766273 0.942173 0.166652 0.157660 0.420086 0.375397 0.256838 0.815266 0.640105 0.045621 0.385616 0.051543 0.103359 0.643014 0.599809 0.230152 0.899531 0.099170 0.001972 0.593510 0.247338 0.083035 0.121040 0.287729 0.801040 0.858190 0.221373 0.948809 0.267485 0.328809 0.733143 0.344693 0.300687 0.451473 0.189245 0.189130 0.317665 0.947072 0.417740 0.377867 0.738326 0.102330 0.709042 0.048943 0.273129 0.633212 0.128170 0.057921 0.552947 0.079400 0.662542 0.879421 0.415170 0.749821 0.737858 0.748185
0.366276 0.976296 0.665307 0.325388 0.769920 0.303351 0.100969 0.404291 0.460783 0.158924 0.217629 0.249817 0.332736 0.880241 0.630016 0.810511 0.028389 0.565561 0.192258 0.324014 0.672164 0.750313 0.516123 0.077547 0.853853 0.343148 0.258024 0.692115 0.439558 0.148609 0.037095 0.100926 0.610535 0.280844 0.744167 0.462682 0.940916 0.095046 0.211416 0.520369 0.361766 0.054935 0.411094 0.782983 0.877420 0.822717 0.454264 0.094126 0.657373 0.245396 0.521416 0.092628 0.538387 0.714142 0.499585 0.571773 0.559208 0.679831 0.411754 0.708440 0.615635 0.103112 0.980563 0.677507 0.755015 0.965952 0.306639 0.672053 0.479731 0.513747 0.950721 0.708990 0.848246 0.771277 0.159528 0.384574 0.352393 0.880820 0.781735 0.119634 0.082604 0.370961 0.041789 0.412214 0.841106 0.708401 0.366295 0.240133 0.443714 0.826886 0.151845 0.431010 0.387263 0.853623 0.431452 0.811910 0.891888 0.048436 0.049238 0.401380
0.256530 0.171135 0.074346 0.682383 0.950433 0.847896 0.319133 0.310643 0.499900 0.202801 0.531855 0.919978 0.538979 0.474804 0.858344 0.875454 0.669815 0.009770 0.046280 0.081118 0.259405 0.535377 0.146906 0.145974 0.465703 0.049186 0.352922 0.550771 0.229380 0.219512 0.169693 0.526916 0.565044 0.700722 0.967753 0.389498 0.195940 0.901163 0.974902 0.849158 0.290665 0.700753 0.673716 0.803343 0.711391 0.961764 0.594909 0.416508 0.434805 0.486160 0.374190 0.569003 0.192672 0.569357 0.596250 0.292291 0.646480 0.699132 0.412593 0.091843 0.911328 0.603449 0.737308 0.627888 0.670312 0.292813 0.269454 0.601263 0.222210 0.290365 0.693170 0.102031 0.412367 0.479914 0.171428 0.143824 0.169537 0.322389 0.846454 0.108231 0.684792 0.009272 0.904084 0.428917 0.015643 0.779157 0.768381 0.511254 0.151741 0.164157 0.104263 0.632040 0.437850 0.982180 0.738926 0.986397 0.184286 0.078358 0.744078 0.365603
0.427913 0.868093 0.287054 0.164505 0.296797 0.088278 0.030115 0.863329 0.856079 0.616279 0.505568 0.829714 0.331565 0.592330 0.086784 0.903245 0.254686 0.514115 0.821758 0.826667 0.912963 0.927481 0.066469 0.321256 0.936575 0.551924 0.693488 0.574841 0.118071 0.944826 0.800803 0.458149 0.068170 0.826546 0.540649 0.908970 0.919950 0.694970 0.496046 0.196670 0.621963 0.607916 0.750818 0.837338 0.788846 0.546390 0.395572 0.290229 0.665416 0.370681 0.180981 0.695021 0.401385 0.385255 0.901959 0.300213 0.497863 0.768776 0.432221 0.976552 0.679781 0.102138 0.156568 0.372919 0.542319 0.393941 0.780437 0.737121 0.510628 0.604720 0.091805 0.536579 0.946552 0.059967 0.134344 0.042682 0.602722 0.657914 0.371799 0.023749 0.255789 0.215717 0.849185 0.265368 0.273942 0.173083 0.494218 0.776514 0.076112 0.367858 0.038457 0.175082 0.858663 0.760502 0.005709 0.987118 0.072900 0.920345 0.487460 0.715540
0.354401 0.555305 0.686044 0.780769 0.959389 0.802868 0.113409 0.918005 0.770099 0.404759 0.063661 0.880129 0.704691 0.108903 0.363276 0.429025 0.964614 0.565429 0.902198 0.877474 0.850706 0.543405 0.255819 0.467686 0.838892 0.317475 0.750739 0.604858 0.155242 0.840253 0.959171 0.334147 0.806741 0.206973 0.787801 0.630167 0.747220 0.920473 0.232518 0.103525 0.618594 0.736289 0.014116 0.805043 0.069051 0.900324 0.583549 0.211559 0.604082 0.367027 0.579190 0.713124 0.161392 0.994117 0.089577 0.015765 0.941474 0.500665 0.562827 0.768650 0.399716 0.815401 0.177255 0.707831 0.684354 0.089912 0.259929 0.773551 0.194249 0.543158 0.701572 0.377328 0.487655 0.120698 0.278176 0.485434 0.315818 0.549687 0.226961 0.225444 0.666147 0.457839 0.339766 0.150245 0.104960 0.835033 0.863542 0.888346 0.081743 0.957932 0.513068 0.847459 0.584122 0.682247 0.034888 0.469134 0.146203 0.384305 0.933079 0.604489
0.923701 0.793536 0.808205 0.918996 0.224893 0.588841 0.223948 0.017453 0.086878 0.939769 0.666810 0.570870 0.936010 0.791392 0.283859 0.212078 0.080880 0.014132 0.111649 0.947843 0.188645 0.928805 0.111411 0.089765 0.371688 0.947853 0.164031 0.094831 0.447626 0.642627 0.181819 0.291267 0.284029 0.259660 0.412209 0.337123 0.965327 0.054489 0.087687 0.896884 0.671399 0.476345 0.217942 0.693473 0.143685 0.655876 0.533465 0.827743 0.744135 0.499822 0.153637 0.654465 0.497734 0.599312 0.539529 0.034044 0.115509 0.402887 0.635880 0.370059 0.754150 0.928264 0.104828 0.540213 0.129047 0.871363 0.593981 0.334572 0.559590 0.133926 0.689417 0.460484 0.782255 0.780227 0.248973 0.738892 0.658989 0.354367 0.258380 0.421542 0.532520 0.891590 0.933133 0.893424 0.071867 0.254687 0.383695 0.143641 0.988153 0.295041 0.835650 0.978236 0.139588 0.164323 0.043629 0.471120 0.448707 0.043537 0.873874 0.653058
0.480579 0.428796 0.283529 0.932869 0.424408 0.156097 0.624636 0.744531 0.860749 0.394089 0.425854 0.166878 0.196693 0.872859 0.835202 0.266578 0.971632 0.106164 0.928951 0.107949 0.354158 0.505363 0.668917 0.149425 0.744813 0.598321 0.849419 0.546337 0.320521 0.938293 0.301215 0.592502 0.050818 0.409927 0.927769 0.149990 0.377561 0.907520 0.822090 0.201080 0.386375 0.057162 0.773612 0.954185 0.114387 0.176656 0.411605 0.766798 0.922450 0.074928 0.107363 0.683423 0.532375 0.178583 0.190656 0.684580 0.879243 0.477970 0.593169 0.478662 0.199665 0.633863 0.623011 0.200313 0.147607 0.713339 0.937891 0.909495 0.487534 0.555645 0.613858 0.030075 0.782079 0.568854 0.068480 0.571434 0.160601 0.246114 0.693005 0.538468 0.593198 0.663414 0.255847 0.634236 0.899636 0.750433 0.589059 0.567559 0.454500 0.477728 0.105587 0.160474 0.978380 0.819132 0.783736 0.560629 0.812783 0.024596 0.311253 0.344544
0.733316 0.612086 0.762752 0.031934 0.787214 0.232438 0.007779 0.656605 0.019893 0.228800 0.529235 0.407631 0.250286 0.580496 0.899651 0.038550 0.343564 0.224599 0.364267 0.874693 0.184946 0.090827 0.842115 0.171148 0.318832 0.718755 0.908964 0.620384 0.194661 0.409281 0.548233 0.999123 0.844713 0.744872 0.419293 0.449110 0.504531 0.424813 0.547348 0.463438 0.976968 0.439572 0.960628 0.005022 0.499624 0.802233 0.365021 0.526931 0.021759 0.357918 0.896537 0.269101 0.785875 0.873341 0.702464 0.077587 0.176523 0.006085 0.639539 0.291588 0.834443 0.012352 0.759338 0.087284 0.501087 0.225452 0.258728 0.939203 0.513718 0.018485 0.009390 0.801946 0.172444 0.502186 0.682044 0.223469 0.016476 0.797620 0.618599 0.781099 0.242531 0.519359 0.516406 0.813703 0.123445 0.520462 0.560273 0.811505 0.241679 0.985149 0.824742 0.581485 0.267264 0.550082 0.838217 0.023313 0.572499 0.860638 0.894951 0.596408
0.423120 0.389806 0.682798 0.998371 0.704615 0.986582 0.571799 0.584710 0.265262 0.854190 0.676266 0.909760 0.672889 0.335450 0.640597 0.197065 0.036637 0.760594 0.635570 0.329784 0.550090 0.924836 0.791516 0.842644 0.971063 0.939204 0.312855 0.315579 0.956858 0.940442 0.279468 0.847981 0.665854 0.241279 0.696273 0.875098 0.093754 0.915565 0.846203 0.034067 0.601320 0.951224 0.340098 0.723066 0.738349 0.515827 0.420818 0.951759 0.135636 0.178038 0.850461 0.250008 0.862240 0.366278 0.784099 0.385945 0.174759 0.218175 0.191212 0.560444 0.331013 0.093319 0.611180 0.881446 0.551288 0.636900 0.089627 0.078590 0.948843 0.388778 0.337346 0.471977 0.698533 0.703845 0.110288 0.849911 0.378142 0.200356 0.259457 0.385851 0.357431 0.601091 0.929822 0.198461 0.031679 0.220636 0.809497 0.907681 0.999291 0.886960 0.370089 0.502806 0.514637 0.716063 0.299715 0.534012 0.512205 0.228452 0.617087 0.307244
0.846560 0.312328 0.561353 0.940871 0.181156 0.740467 0.713257 0.773331 0.757879 0.603576 0.838634 0.780255 0.983657 0.934424 0.930379 0.317039 0.243939 0.037849 0.640052 0.423366 0.564860 0.217814 0.330481 0.725894 0.810899 0.777105 0.039668 0.830214 0.401086 0.104407 0.819720 0.052837 0.371811 0.089706 0.864020 0.646893 0.902513 0.533866 0.091111 0.945105 0.682170 0.799151 0.324783 0.869581 0.271740 0.501258 0.539742 0.502883 0.839556 0.699799 0.757432 0.449586 0.558419 0.251195 0.552359 0.927354 0.826446 0.576295 0.705120 0.717723 0.989149 0.602594 0.302983 0.231302 0.666029 0.197277 0.995078 0.267247 0.921843 0.736923 0.430175 0.053138 0.640336 0.772731 0.344797 0.472495 0.135865 0.644853 0.544771 0.817950 0.275140 0.696887 0.735710 0.465768 0.869545 0.470075 0.482480 0.238037 0.796427 0.106768 0.527984 0.615699 0.592293 0.381832 0.336000 0.086878 0.115838 0.356937 0.110411 0.396805
0.311610 0.370088 0.250517 0.734023 0.119845 0.052240 0.528156 0.185992 0.776533 0.658676 0.344086 0.022134 0.244145 0.200515 0.009238 0.862690 0.078329 0.999845 0.539797 0.509981 0.934725 0.450751 0.717393 0.603006 0.923616 0.759310 0.862491 0.156085 0.957691 0.130623 0.338137 0.139874 0.798468 0.725425 0.651745 0.311211 0.720420 0.406707 0.889372 0.067988 0.555909 0.460148 0.925723 0.685269 0.898357 0.066358 0.159832 0.615648 0.566247 0.209315 0.630346 0.264497 0.910954 0.809439 0.198832 0.861934 0.100184 0.319403 0.349255 0.186560 0.353422 0.708202 0.983160 0.989273 0.283605 0.717622 0.843382 0.467823 0.026710 0.095743 0.784258 0.314241 0.295338 0.719997 0.546448 0.811771 0.423897 0.266244 0.878074 0.127427 0.936160 0.543776 0.734702 0.850228 0.523242 0.090925 0.836770 0.122873 0.121429 0.061357 0.287842 0.430970 0.167330 0.393605 0.547714 0.566806 0.545323 0.684740 0.723283 0.304431
0.210596 0.510105 0.028722 0.169534 0.732656 0.817879 0.146863 0.893839 0.709815 0.323016 0.988365 0.505550 0.125855 0.449345 0.978002 0.389808 0.885624 0.306414 0.952799 0.158157 0.129725 0.008723 0.257531 0.297715 0.145692 0.703222 0.432493 0.215156 0.504952 0.043675 0.435722 0.069104 0.915967 0.467002 0.592200 0.770887 0.796881 0.818846 0.244054 0.350410 0.299279 0.684719 0.081013 0.058782 0.985452 0.335804 0.913611 0.432750 0.871802 0.369980 0.576398 0.951042 0.405292 0.106702 0.491551 0.390278 0.043880 0.176235 0.130758 0.533577 0.285300 0.922666 0.410118 0.160272 0.151595 0.135332 0.319563 0.910466 0.418657 0.503126 0.134816 0.435512 0.678150 0.240575 0.265325 0.891440 0.866493 0.107201 0.605071 0.133976 0.069232 0.216844 0.713625 0.656446 0.103173 0.051523 0.009213 0.026813 0.898376 0.680610 0.879463 0.302843 0.042222 0.760140 0.764582 0.615093 0.749642 0.046551 0.156334 0.406927
0.905209 0.073688 0.156921 0.214913 0.943540 0.158261 0.367302 0.683885 0.967841 0.067319 0.993519 0.350706 0.289428 0.258564 0.165845 0.592486 0.171911 0.996536 0.050412 0.355589 0.983977 0.317391 0.735194 0.477943 0.490231 0.353077 0.227933 0.533665 0.535185 0.097095 0.485811 0.317332 0.532341 0.794768 0.762179 0.437046 0.240050 0.453746 0.063202 0.143154 0.809662 0.253565 0.927069 0.521060 0.208057 0.138618 0.189365 0.425555 0.903933 0.653450 0.815177 0.549633 0.946173 0.837878 0.237997 0.985261 0.282221 0.638829 0.826166 0.038943 0.100748 0.134678 0.257929 0.700863 0.718327 0.912906 0.189826 0.418333 0.443354 0.228034 0.701987 0.219989 0.271890 0.822233 0.930189 0.786720 0.367504 0.506449 0.610208 0.215178 0.288087 0.119537 0.194574 0.701817 0.148394 0.635518 0.101380 0.466157 0.454992 0.736483 0.934941 0.135518 0.370847 0.303706 0.685940 0.109518 0.747655 0.872086 0.597745 0.680343
0.730170 0.911046 0.383352 0.209454 0.211697 0.942874 0.489506 0.110305 0.931907 0.425551 0.888022 0.315129 0.420589 0.962791 0.194697 0.491771 0.542355 0.572015 0.475403 0.840876 0.048328 0.322911 0.477152 0.523879 0.968922 0.189439 0.557159 0.710123 0.898582 0.100826 0.866554 0.622572 0.787299 0.413105 0.211073 0.711777 0.002387 0.888811 0.970962 0.909207 0.877783 0.317989 0.807123 0.136855 0.572423 0.320835 0.407462 0.024293 0.548589 0.629717 0.590449 0.655635 0.529232 0.362246 0.625637 0.628640 0.021502 0.742567 0.059833 0.705101 0.477697 0.042007 0.881062 0.094137 0.452279 0.226676 0.958572 0.888041 0.234455 0.091731 0.335898 0.389417 0.331927 0.291883 0.700619 0.479628 0.577765 0.708889 0.791165 0.093209 0.704618 0.729699 0.236676 0.075232 0.670196 0.078122 0.574460 0.032360 0.768976 0.311848 0.064075 0.984314 0.250534 0.061003 0.903901 0.731845 0.444865 0.243328 0.502309 0.509427
0.074828 0.025570 0.598151 0.515453 0.709504 0.480496 0.729893 0.924050 0.154512 0.817269 0.842754 0.799764 0.138922 0.589317 0.228145 0.902630 0.669234 0.113604 0.268885 0.423576 0.123608 0.932617 0.044918 0.022965 0.677718 0.438002 0.834511 0.469655 0.504107 0.900281 0.206061 0.793728 0.468647 0.540937 0.475795 0.283399 0.745780 0.146404 0.766663 0.627671 0.911692 0.036849 0.908993 0.318838 0.029770 0.355609 0.925501 0.020591 0.499621 0.290345 0.171737 0.295096 0.825731 0.109223 0.246967 0.678987 0.189753 0.041024 0.954701 0.365463 0.010557 0.540682 0.814901 0.181147 0.164637 0.709660 0.830844 0.053707 0.504970 0.377876 0.361379 0.947026 0.596527 0.229150 0.320882 0.452704 0.427148 0.080706 0.544478 0.962081 0.526031 0.314623 0.650018 0.496006 0.607230 0.327484 0.156298 0.336911 0.969633 0.594039 0.912999 0.747793 0.074031 0.106536 0.456878 0.986721 0.677519 0.692811 0.505953 0.057029
0.537479 0.453952 0.482339 0.775464 0.308403 0.008649 0.204616 0.856594 0.834303 0.528923 0.404187 0.540502 0.719551 0.779037 0.827936 0.827591 0.964563 0.461130 0.082300 0.446094 0.283257 0.850508 0.258260 0.067733 0.688785 0.031254 0.403053 0.030958 0.999666 0.833877 0.190830 0.112333 0.824441 0.008010 0.817057 0.403212 0.219359 0.820456 0.386456 0.922749 0.405693 0.598618 0.348897 0.807586 0.662142 0.442029 0.623698 0.572289 0.950690 0.067168 0.976178 0.333186 0.223684 0.430757 0.438112 0.505950 0.758547 0.069959 0.962998 0.080316 0.125338 0.215069 0.911019 0.113042 0.447922 0.915837 0.355169 0.488867 0.244042 0.995431 0.052659 0.497893 0.850647 0.836804 0.460054 0.920689 0.124514 0.323873 0.275543 0.967672 0.865177 0.531445 0.250324 0.579501 0.023532 0.019698 0.429736 0.175163 0.818507 0.449085 0.231393 0.740725 0.423730 0.198122 0.518946 0.111628 0.119202 0.997302 0.868964 0.378965
0.936587 0.901726 0.794150 0.814595 0.643268 0.738654 0.117145 0.896593 0.972597 0.171886 0.362859 0.381489 0.633743 0.654940 0.762162 0.744676 0.000769 0.404437 0.938986 0.256076 0.807585 0.362614 0.803937 0.662955 0.308255 0.672079 0.758547 0.283145 0.739507 0.882778 0.034544 0.319021 0.176043 0.133312 0.263928 0.401329 0.066495 0.889483 0.817407 0.892019 0.529347 0.153743 0.361990 0.667034 0.257618 0.390345 0.771482 0.998839 0.413014 0.605847 0.384240 0.281918 0.167112 0.404414 0.633106 0.922134 0.226561 0.198521 0.992657 0.653331 0.737795 0.561343 0.384758 0.227724 0.799603 0.640084 0.612503 0.198479 0.270491 0.189926 0.581835 0.159850 0.158612 0.255924 0.813154 0.977037 0.055501 0.198678 0.081342 0.042300 0.426602 0.013362 0.598351 0.396828 0.364211 0.766542 0.704333 0.334263 0.139400 0.165631 0.103682 0.115733 0.068044 0.048069 0.579219 0.924799 0.799720 0.306307 0.671427 0.664559
0.492366 0.792971 0.917139 0.796135 0.382481 0.026913 0.688210 0.941126 0.041275 0.279889 0.951282 0.345587 0.329527 0.163745 0.340463 0.147936 0.922607 0.033062 0.747682 0.128703 0.365088 0.004615 0.181135 0.316397 0.425491 0.726073 0.753822 0.901720 0.939803 0.944313 0.700622 0.240781 0.660796 0.731676 0.433276 0.390251 0.710278 0.005540 0.320610 0.231129 0.836600 0.234288 0.640756 0.408715 0.820976 0.822224 0.592092 0.857367 0.109908 0.046214 0.457600 0.601312 0.115877 0.871293 0.701371 0.889746 0.488705 0.313441 0.407852 0.134986 0.848610 0.180829 0.586701 0.724726 0.941290 0.646506 0.895519 0.724440 0.459160 0.414296 0.991700 0.722877 0.685012 0.104102 0.610574 0.792155 0.275766 0.415858 0.221328 0.011696 0.904015 0.059198 0.575208 0.362874 0.190341 0.580992 0.589334 0.046205 0.375768 0.233780 0.411175 0.635242 0.387433 0.045373 0.311433 0.244317 0.370258 0.856308 0.989453 0.079422
0.261090 0.323367 0.462842 0.677907 0.500438 0.815913 0.584038 0.012235 0.885708 0.009138 0.207963 0.649780 0.470930 0.237679 0.619492 0.750109 0.049342 0.331725 0.655609 0.067248 0.029640 0.152849 0.315731 0.003090 0.374525 0.589745 0.368883 0.338398 0.740502 0.928865 0.848245 0.280756 0.537027 0.438803 0.926091 0.767263 0.497760 0.462493 0.322329 0.497434 0.232149 0.460447 0.219773 0.125687 0.765295 0.278594 0.030552 0.633566 0.005090 0.395036 0.959185 0.145288 0.238973 0.112150 0.198313 0.848105 0.254179 0.632857 0.708294 0.953109 0.984104 0.298935 0.055629 0.999966 0.104628 0.322680 0.832876 0.425906 0.407535 0.618530 0.223565 0.631996 0.143530 0.871683 0.328620 0.430192 0.017638 0.647654 0.025987 0.772317 0.228609 0.260576 0.188145 0.879600 0.794386 0.022194 0.165626 0.734835 0.012063 0.552048 0.707147 0.477674 0.298308 0.996979 0.353755 0.003866 0.761059 0.870018 0.666119 0.302722
0.260860 0.167889 0.300901 0.886287 0.457349 0.709055 0.726721 0.323109 0.647795 0.854553 0.512241 0.680386 0.702833 0.422398 0.590957 0.148575 0.487315 0.974017 0.567747 0.492819 0.084770 0.157497 0.915681 0.956852 0.532704 0.739225 0.527464 0.021694 0.456124 0.156649 0.629762 0.500895 0.748566 0.775186 0.824717 0.131115 0.975280 0.504693 0.960787 0.512038 0.855594 0.014481 0.745275 0.825015 0.037370 0.771125 0.604567 0.268389 0.052943 0.815564 0.311941 0.818944 0.574444 0.565193 0.934742 0.014482 0.462615 0.762769 0.707599 0.608405 0.771617 0.085202 0.952013 0.147555 0.326262 0.729595 0.188113 0.094140 0.112695 0.774213 0.182233 0.462942 0.639250 0.175980 0.750462 0.890498 0.456698 0.690218 0.299576 0.215318 0.002961 0.199335 0.560653 0.375798 0.575069 0.920690 0.659658 0.175944 0.581709 0.797643 0.315093 0.318977 0.452655 0.625221 0.478200 0.266326 0.837827 0.371086 0.855733 0.807615
0.648170 0.767489 0.266539 0.664518 0.601756 0.573913 0.847183 0.055833 0.709810 0.163076 0.292487 0.632770 0.543653 0.039268 0.992709 0.852092 0.309439 0.363701 0.230828 0.415614 0.835347 0.637747 0.732919 0.706485 0.469226 0.395823 0.698514 0.933433 0.809199 0.553526 0.413406 0.938193 0.242369 0.253929 0.268640 0.516319 0.957814 0.667890 0.837079 0.476499 0.342812 0.387899 0.584455 0.262639 0.775336 0.259693 0.298422 0.601866 0.992269 0.868313 0.662840 0.060120 0.203297 0.399583 0.761416 0.013656 0.286622 0.081544 0.383708 0.627786 0.990509 0.748391 0.531061 0.249928 0.176538 0.160825 0.990227 0.629354 0.004278 0.638326 0.598431 0.983047 0.905607 0.369938 0.581792 0.555121 0.231294 0.766524 0.393687 0.303961 0.851967 0.764626 0.409969 0.013597 0.632408 0.726778 0.897966 0.040874 0.912913 0.340399 0.247427 0.747623 0.450244 0.756757 0.756836 0.712970 0.883157 0.280439 0.303419 0.511954
0.919037 0.580082 0.652559 0.470959 0.173333 0.770441 0.683377 0.986394 0.840596 0.654685 0.380436 0.971291 0.620491 0.209486 0.726729 0.093169 0.392217 0.630370 0.049587 0.161672 0.776634 0.027186 0.105654 0.446116 0.272261 0.091473 0.533583 0.253454 0.667390 0.541478 0.219615 0.295128 0.663466 0.628528 0.321667 0.602860 0.142972 0.254145 0.764525 0.883060 0.247977 0.021110 0.827010 0.326650 0.934849 0.673898 0.434688 0.355272 0.640180 0.489147 0.607569 0.553804 0.267185 0.947512 0.957672 0.261336 0.224389 0.981566 0.181502 0.117458 0.809236 0.272945 0.596078 0.413839 0.333293 0.833954 0.819608 0.330670 0.245598 0.567161 0.225788 0.784766 0.819830 0.733247 0.203973 0.119910 0.324198 0.303290 0.784457 0.858792 0.850698 0.239067 0.862982 0.763490 0.696208 0.671414 0.066870 0.109520 0.331505 0.589714 0.916020 0.153767 0.337646 0.190543 0.651163 0.256908 0.365476 0.295686 0.733889 0.684002
0.745704 0.189387 0.248963 0.688116 0.233592 0.856903 0.219376 0.156640 0.500091 0.627558 0.265672 0.263563 0.597719 0.822600 0.297770 0.390388 0.758195 0.338884 0.114729 0.217033 0.631290 0.141496 0.612391 0.757371 0.957000 0.256859 0.779448 0.510093 0.557063 0.942338 0.839181 0.423260 0.911736 0.806352 0.932044 0.385305 0.762625 0.816323 0.471075 0.732038 0.537508 0.835101 0.943710 0.166799 0.971186 0.653997 0.575917 0.242764 0.604659 0.307270 0.416719 0.196128 0.309567 0.024384 0.370400 0.774128 0.199516 0.374935 0.416586 0.128239 0.528657 0.741520 0.422085 0.545059 0.628669 0.777947 0.560132 0.711645 0.517563 0.649375 0.934831 0.765803 0.837276 0.960110 0.766233 0.550659 0.862758 0.667776 0.091315 0.782884 0.273836 0.762539 0.197900 0.811908 0.186288 0.622446 0.808384 0.818566 0.542213 0.104650 0.629278 0.432101 0.886839 0.539337 0.538409 0.035602 0.365626 0.201742 0.637850 0.964292
0.646919 0.511005 0.576377 0.119659 0.020884 0.277933 0.105671 0.463521 0.054258 0.934694 0.416223 0.999059 0.470549 0.698366 0.522952 0.063520 0.288467 0.133822 0.828217 0.603895 0.710934 0.389921 0.581403 0.309853 0.502044 0.202809 0.437406 0.866689 0.207171 0.897896 0.840181 0.339857 0.523848 0.777783 0.225120 0.295948 0.274488 0.751093 0.237629 0.566812 0.956225 0.711532 0.985758 0.048211 0.350288 0.958774 0.802832 0.214045 0.241997 0.973749 0.069343 0.818987 0.056876 0.448562 0.992891 0.693626 0.045550 0.575658 0.143252 0.537190 0.347623 0.730482 0.344260 0.614444 0.142829 0.243976 0.243072 0.080616 0.279490 0.411146 0.489911 0.601341 0.733539 0.823289 0.791272 0.839410 0.473067 0.310394 0.071892 0.076163 0.572118 0.448019 0.762162 0.546825 0.473917 0.889833 0.898390 0.276060 0.390789 0.816791 0.943789 0.792844 0.669764 0.418350 0.668005 0.632698 0.175493 0.723647 0.942807 0.195398
0.787795 0.449732 0.330188 0.028855 0.481073 0.787874 0.939596 0.074400 0.027500 0.526255 0.509640 0.125502 0.034435 0.159438 0.954192 0.694055 0.138636 0.858525 0.086584 0.483394 0.322889 0.465055 0.684418 0.218239 0.147073 0.240177 0.721842 0.136980 0.911781 0.635943 0.362782 0.018284 0.702271 0.852970 0.946702 0.156192 0.032951 0.633407 0.992727 0.852161 0.872636 0.287733 0.501905 0.204036 0.348816 0.097008 0.516774 0.066730 0.174067 0.136152 0.543702 0.743985 0.189787 0.724561 0.420081 0.230300 0.445483 0.657648 0.101941 0.103000 0.126549 0.583030 0.549474 0.599945 0.869520 0.761089 0.268684 0.399978 0.557390 0.459301 0.285237 0.912056 0.250362 0.456791 0.068033 0.860644 0.665160 0.230827 0.675015 0.310955 0.061465 0.209915 0.190200 0.936281 0.667390 0.476213 0.325717 0.587307 0.697946 0.209923 0.323406 0.085072 0.508796 0.419358 0.704000 0.843389 0.442813 0.969620 0.282240 0.925836
0.987024 0.319414 0.158530 0.027822 0.547693 0.903611 0.716855 0.929238 0.750909 0.546004 0.741892 0.565067 0.767808 0.200119 0.320245 0.863329 0.633980 0.296535 0.269195 0.147559 0.373377 0.318172 0.581071 0.844649 0.581485 0.574319 0.217287 0.161467 0.334059 0.424413 0.085787 0.935835 0.545677 0.172474 0.339698 0.274444 0.609204 0.588811 0.346057 0.284306 0.269353 0.658037 0.510074 0.526435 0.459844 0.993679 0.551369 0.088363 0.700853 0.592257 0.660905 0.826467 0.253415 0.495130 0.271187 0.510202 0.775770 0.848754 0.380686 0.908525 0.673582 0.105788 0.209949 0.846541 0.936862 0.853241 0.012088 0.522613 0.517096 0.661004 0.775004 0.529745 0.702985 0.288621 0.669424 0.172164 0.933346 0.295565 0.509871 0.240655 0.988409 0.464992 0.886172 0.697192 0.595420 0.875401 0.383830 0.013290 0.279002 0.203695 0.360904 0.664240 0.437676 0.691364 0.765534 0.010106 0.174626 0.338684 0.529173 0.298597
0.497600 0.355937 0.588624 0.992040 0.334433 0.108362 0.650942 0.090161 0.456571 0.528486 0.615869 0.234365 0.302653 0.082341 0.811823 0.056849 0.654535 0.013811 0.101476 0.154936 0.952837 0.368851 0.626787 0.396112 0.903576 0.213154 0.897839 0.420937 0.747931 0.480341 0.472112 0.288553 0.858925 0.432380 0.056742 0.667890 0.726626 0.732828 0.256049 0.146711 0.741038 0.443663 0.001248 0.332835 0.410975 0.730517 0.984021 0.758300 0.061740 0.781471 0.885975 0.704132 0.855727 0.245559 0.425116 0.837975 0.449331 0.635935 0.396020 0.332461 0.096690 0.057698 0.550651 0.646963 0.123662 0.203915 0.863310 0.532334 0.101738 0.954003 0.356519 0.303651 0.055570 0.428250 0.092102 0.784567 0.536872 0.689573 0.723125 0.335334 0.697809 0.677577 0.386663 0.493336 0.593227 0.271594 0.281016 0.596337 0.353568 0.893698 0.236069 0.493520 0.067097 0.633945 0.423436 0.703028 0.936119 0.604658 0.445037 0.380969
0.042542 0.288156 0.406557 0.845853 0.945863 0.230427 0.409156 0.943127 0.466827 0.944909 0.883003 0.904773 0.758757 0.720761 0.086984 0.495208 0.641426 0.926134 0.544138 0.206855 0.246890 0.177785 0.972596 0.135322 0.306940 0.395073 0.347910 0.626997 0.753149 0.556682 0.755927 0.629636 0.268100 0.661638 0.420197 0.926507 0.325840 0.365116 0.544422 0.952912 0.703209 0.047473 0.628141 0.268599 0.082795 0.027041 0.042992 0.013777 0.035244 0.145543 0.032978 0.192582 0.683954 0.258628 0.207190 0.887020 0.060335 0.925399 0.164452 0.682695 0.347701 0.477707 0.752415 0.331012 0.331848 0.188703 0.259134 0.446038 0.019482 0.878556 0.478905 0.982313 0.125630 0.801005 0.111818 0.686033 0.838573 0.104522 0.470388 0.570867 0.941461 0.087664 0.060784 0.030585 0.272376 0.807140 0.685613 0.931368 0.111275 0.893317 0.286487 0.580482 0.727079 0.532624 0.695547 0.522101 0.281196 0.718186 0.995691 0.153206
0.426339 0.916425 0.561896 0.257097 0.880075 0.102341 0.473626 0.544731 0.749088 0.890600 0.472201 0.721364 0.302897 0.514969 0.629724 0.343320 0.513433 0.853461 0.319708 0.669197 0.512175 0.208019 0.471968 0.022847 0.304945 0.509926 0.289711 0.797664 0.896105 0.915361 0.887016 0.216102 0.618290 0.795811 0.507302 0.984306 0.676562 0.555770 0.472813 0.052237 0.622607 0.178059 0.395137 0.992232 0.367306 0.282633 0.033118 0.711381 0.854206 0.467645 0.780394 0.768988 0.691493 0.611904 0.093431 0.142562 0.269222 0.878868 0.148324 0.835286 0.633052 0.119040 0.942676 0.790244 0.485210 0.740286 0.511575 0.067200 0.578813 0.747786 0.389322 0.560306 0.908270 0.282572 0.674759 0.479145 0.750945 0.561522 0.574876 0.104180 0.235341 0.299491 0.541093 0.137770 0.014140 0.906065 0.010722 0.602975 0.284277 0.687616 0.237710 0.297536 0.791320 0.267782 0.956485 0.868757 0.612594 0.046478 0.031665 0.472030
0.213532 0.193831 0.412448 0.547213 0.212563 0.995843 0.718552 0.810084 0.975476 0.198640 0.518896 0.545147 0.941572 0.148032 0.497389 0.276041 0.943389 0.109990 0.012749 0.510827 0.728583 0.598041 0.575730 0.724566 0.175892 0.924711 0.049694 0.312979 0.462814 0.868991 0.887722 0.942619 0.945755 0.169676 0.491527 0.714346 0.341743 0.888235 0.304415 0.540600 0.379131 0.942954 0.244252 0.411520 0.430726 0.304244 0.829387 0.198483 0.527498 0.920100 0.319019 0.206003 0.721698 0.083547 0.162970 0.421822 0.814808 0.351143 0.831777 0.096654 0.848266 0.063936 0.003392 0.186229 0.979689 0.257782 0.433785 0.410413 0.263916 0.037921 0.601211 0.895512 0.665225 0.462381 0.769606 0.667162 0.175487 0.086267 0.308296 0.534631 0.608034 0.125294 0.044450 0.499851 0.756047 0.470536 0.772356 0.771683 0.127671 0.725876 0.197554 0.724127 0.089133 0.304938 0.061390 0.673794 0.175556 0.127570 0.638676 0.582771
0.133270 0.169165 0.442562 0.351034 0.450828 0.765910 0.369005 0.216589 0.285098 0.705690 0.789749 0.445825 0.397356 0.499802 0.218201 0.173888 0.090866 0.826970 0.653434 0.271572 0.432855 0.095405 0.688436 0.689932 0.188478 0.325081 0.043141 0.581196 0.032965 0.651771 0.001763 0.010845 0.965071 0.984742 0.818645 0.324550 0.044773 0.908686 0.846033 0.915373 0.208903 0.814393 0.484930 0.569313 0.907949 0.395056 0.648361 0.246967 0.244632 0.583790 0.409535 0.172061 0.306731 0.871775 0.794814 0.693836 0.302184 0.807899 0.794241 0.572229 0.815353 0.630025 0.988045 0.069036 0.791174 0.257586 0.726791 0.998075 0.073294 0.672785 0.868320 0.262332 0.675467 0.073737 0.283978 0.908677 0.101062 0.350212 0.962612 0.050492 0.102041 0.293456 0.166255 0.793533 0.162613 0.279275 0.509220 0.515218 0.072392 0.171457 0.202304 0.944084 0.408619 0.282290 0.052697 0.710634 0.857245 0.037551 0.987654 0.012751
0.520486 0.373153 0.119811 0.701011 0.795944 0.537174 0.274023 0.016858 0.563115 0.905519 0.893148 0.354818 0.160035 0.656775 0.488064 0.220790 0.240467 0.566767 0.713351 0.988425 0.415055 0.758161 0.858355 0.896752 0.162238 0.281318 0.676119 0.832100 0.598554 0.838248 0.977292 0.618024 0.768051 0.606274 0.536856 0.595959 0.322794 0.019028 0.021810 0.512592 0.530348 0.379934 0.828597 0.792862 0.419669 0.778456 0.862117 0.228090 0.117591 0.032446 0.971226 0.292036 0.218066 0.076803 0.288513 0.965600 0.157262 0.952215 0.519743 0.848772 0.918196 0.860608 0.732642 0.456825 0.180325 0.870335 0.617878 0.985494 0.587235 0.750394 0.855440 0.611121 0.399814 0.665297 0.605716 0.338950 0.994874 0.959212 0.830463 0.757199 0.066573 0.118275 0.144813 0.119492 0.507600 0.863934 0.850526 0.502050 0.075933 0.937225 0.222851 0.230580 0.662505 0.768511 0.672790 0.658790 0.358290 0.843364 0.325570 0.541340
0.946185 0.796659 0.943520 0.417381 0.397125 0.870868 0.441271 0.573533 0.956182 0.026894 0.178170 0.603378 0.687178 0.426421 0.043065 0.163096 0.091195 0.180747 0.395836 0.541776 0.128662 0.471634 0.662969 0.310284 0.942057 0.218492 0.972023 0.247610 0.762165 0.870819 0.212061 0.333902 0.723241 0.023117 0.697894 0.432110 0.268734 0.048853 0.970628 0.805935 0.124840 0.730963 0.951232 0.570799 0.842081 0.279202 0.383753 0.325377 0.849073 0.670741 0.816081 0.709857 0.293229 0.945391 0.802657 0.197881 0.756553 0.851185 0.846885 0.258568 0.546534 0.902301 0.365193 0.841796 0.156748 0.483179 0.854298 0.602516 0.988579 0.809974 0.769940 0.359984 0.188003 0.772980 0.515466 0.835780 0.694059 0.476644 0.090113 0.558515 0.123869 0.392390 0.485970 0.217488 0.478871 0.265861 0.091521 0.080514 0.317700 0.494033 0.258351 0.656028 0.385975 0.917149 0.032887 0.791925 0.104172 0.477725 0.474600 0.748758
0.064369 0.680352 0.153400 0.237038 0.294681 0.655193 0.814566 0.314057 0.172682 0.869841 0.291587 0.768386 0.738209 0.435964 0.767944 0.799719 0.343499 0.647455 0.254743 0.228632 0.201071 0.211402 0.101621 0.955638 0.109353 0.454420 0.228485 0.698803 0.908998 0.485174 0.642129 0.314680 0.636273 0.869742 0.838886 0.536021 0.088059 0.748866 0.107608 0.996178 0.496511 0.519256 0.894688 0.562494 0.758323 0.053632 0.935415 0.209429 0.404787 0.816549 0.091042 0.508588 0.727568 0.041282 0.622274 0.228346 0.428570 0.633442 0.318818 0.026314 0.923298 0.239332 0.580515 0.657941 0.841773 0.071009 0.283354 0.402578 0.993927 0.184268 0.916385 0.683730 0.350746 0.017309 0.038900 0.343541 0.124117 0.148105 0.914463 0.400344 0.747152 0.932257 0.565434 0.443286 0.339305 0.151450 0.551828 0.442152 0.382168 0.428245 0.538070 0.847821 0.581144 0.188093 0.601877 0.197829 0.160734 0.980360 0.805184 0.802788
0.956749 0.931217 0.776597 0.735052 0.424733 0.904191 0.693685 0.419368 0.160746 0.086071 0.327439 0.813788 0.880399 0.990132 0.490159 0.304507 0.327570 0.744387 0.366926 0.581733 0.088043 0.914304 0.707738 0.266573 0.436255 0.542621 0.712597 0.148570 0.189124 0.877841 0.096018 0.969728 0.940745 0.944409 0.213550 0.163915 0.823949 0.764469 0.866982 0.504696 0.303866 0.180272 0.051602 0.306162 0.540507 0.645056 0.774492 0.448400 0.265378 0.517096 0.192633 0.564719 0.389582 0.258636 0.042351 0.556850 0.272753 0.673117 0.126576 0.487553 0.463567 0.241888 0.668384 0.659559 0.723576 0.031895 0.880644 0.564014 0.853715 0.896975 0.730820 0.013437 0.956270 0.403125 0.214962 0.660761 0.882936 0.041340 0.502663 0.345095 0.507807 0.292620 0.451757 0.515890 0.496330 0.764704 0.298533 0.379531 0.222589 0.213992 0.927759 0.099773 0.368276 0.359529 0.623423 0.629732 0.864247 0.448799 0.438102 0.568413
0.416001 0.476134 0.496695 0.705406 0.550503 0.965643 0.344377 0.908453 0.278351 0.319735 0.165371 0.984169 0.819640 0.209908 0.482644 0.048553 0.242652 0.413766 0.373054 0.676545 0.624198 0.482160 0.999137 0.750042 0.073354 0.419116 0.398277 0.016616 0.754040 0.709874 0.728745 0.611476 0.652008 0.845035 0.680562 0.708812 0.817995 0.797153 0.627240 0.019297 0.137853 0.910750 0.512711 0.625937 0.185787 0.425863 0.749475 0.972559 0.887801 0.166698 0.953788 0.807668 0.994853 0.086372 0.771371 0.116856 0.354124 0.578872 0.055864 0.525140 0.195001 0.262306 0.475441 0.374138 0.044614 0.055461 0.053691 0.583450 0.821890 0.071454 0.908244 0.657172 0.593960 0.448331 0.798313 0.394467 0.165386 0.510081 0.963032 0.699206 0.890807 0.073208 0.629041 0.299757 0.440040 0.725608 0.703329 0.195795 0.428458 0.514270 0.858673 0.671582 0.823956 0.750288 0.723258 0.305807 0.317532 0.175228 0.333150 0.185813
0.685876 0.682398 0.301288 0.837225 0.491835 0.120400 0.900887 0.800805 0.555120 0.115595 0.978180 0.456256 0.514422 0.568399 0.831120 0.190427 0.262691 0.227955 0.644744 0.228061 0.478684 0.518355 0.165364 0.899430 0.639059 0.595018 0.403184 0.806779 0.548948 0.840085 0.802057 0.304669 0.577856 0.292183 0.947742 0.523535 0.158247 0.942606 0.011374 0.425661 0.615148 0.554381 0.648494 0.474574 0.242444 0.633971 0.968799 0.355182 0.328067 0.870068 0.913111 0.452017 0.684044 0.976039 0.572398 0.911360 0.278555 0.000514 0.175820 0.151697 0.270417 0.710669 0.264117 0.841575 0.511079 0.372710 0.911793 0.880059 0.478956 0.519969 0.056125 0.715664 0.776891 0.097255 0.240456 0.567436 0.028838 0.235364 0.869486 0.603037 0.793573 0.271155 0.536317 0.388082 0.699661 0.687056 0.231757 0.881076 0.306794 0.439719 0.686232 0.181941 0.884792 0.515589 0.238725 0.965927 0.299790 0.417371 0.319373 0.975884
0.888499 0.788646 0.570800 0.951860 0.788369 0.991759 0.795708 0.230828 0.821228 0.586470 0.519834 0.613900 0.816857 0.568444 0.075082 0.409727 0.429511 0.307699 0.235683 0.723712 0.241779 0.404552 0.396799 0.631049 0.783567 0.271119 0.261520 0.249807 0.230028 0.802762 0.140092 0.871338 0.265848 0.902495 0.500236 0.892345 0.948780 0.246145 0.376822 0.728355 0.775235 0.813540 0.617150 0.575597 0.366247 0.386146 0.731483 0.871501 0.565734 0.590567 0.511865 0.770180 0.040279 0.222110 0.950355 0.250572 0.734599 0.777204 0.174556 0.759874 0.862175 0.266306 0.702903 0.888756 0.519787 0.364892 0.852063 0.140945 0.296058 0.963527 0.824923 0.897729 0.061218 0.648279 0.146555 0.703594 0.772427 0.478990 0.530294 0.398453 0.081614 0.908447 0.161285 0.817898 0.795521 0.741500 0.204905 0.554845 0.578307 0.672356 0.284083 0.353600 0.739661 0.174632 0.412676 0.730070 0.554739 0.078878 0.509779 0.424255
0.951065 0.880426 0.482649 0.891208 0.379328 0.834333 0.367414 0.487145 0.866895 0.831296 0.938574 0.280936 0.830289 0.423089 0.514321 0.142713 0.598922 0.023338 0.051185 0.445321 0.615388 0.376753 0.727278 0.902174 0.921324 0.850597 0.518803 0.667709 0.026939 0.206118 0.207316 0.671330 0.901473 0.482595 0.993357 0.142414 0.175947 0.979058 0.818722 0.927793 0.209871 0.847189 0.640007 0.355429 0.155239 0.563839 0.449011 0.423259 0.763778 0.213755 0.373092 0.374160 0.049199 0.568398 0.087761 0.934467 0.686980 0.768378 0.868684 0.269594 0.713219 0.348142 0.063134 0.815386 0.624076 0.121798 0.095103 0.042352 0.450148 0.985524 0.564196 0.697434 0.392845 0.334434 0.574792 0.626270 0.787664 0.835771 0.072379 0.450807 0.018132 0.485767 0.674556 0.572823 0.978181 0.102620 0.652295 0.785566 0.799908 0.044445 0.739421 0.758880 0.998715 0.235907 0.859630 0.766964 0.740955 0.928107 0.845917 0.235951
0.827297 0.516077 0.510005 0.310425 0.107421 0.478548 0.995595 0.876580 0.719189 0.020978 0.615949 0.353217 0.813706 0.826901 0.616256 0.012242 0.756852 0.289063 0.219056 0.461016 0.226007 0.543006 0.951533 0.910627 0.329845 0.210308 0.417988 0.535784 0.844503 0.126413 0.191909 0.327112 0.891080 0.325868 0.096083 0.689979 0.655544 0.037234 0.586305 0.442372 0.384123 0.379734 0.753086 0.879647 0.722094 0.544718 0.184856 0.739349 0.405362 0.215519 0.362021 0.367774 0.814906 0.599527 0.740484 0.637310 0.178348 0.450993 0.955065 0.707121 0.133140 0.198964 0.168348 0.533318 0.554826 0.241562 0.483252 0.263994 0.561456 0.552803 0.364108 0.473979 0.015086 0.264136 0.615715 0.243968 0.944904 0.693879 0.814350 0.941096 0.280188 0.524971 0.898138 0.462487 0.641356 0.289594 0.506202 0.858771 0.478311 0.094406 0.457885 0.376147 0.812462 0.287997 0.453819 0.484072 0.138852 0.833988 0.476694 0.949217
0.522966 0.242862 0.498976 0.377132 0.788222 0.727432 0.879730 0.070485 0.817921 0.821065 0.209459 0.841895 0.273705 0.462720 0.282232 0.667920 0.774263 0.463490 0.795788 0.165191 0.940272 0.318270 0.190230 0.178537 0.982760 0.932940 0.196627 0.905022 0.072549 0.349120 0.520909 0.399459 0.156490 0.391420 0.275102 0.766806 0.863386 0.826100 0.929445 0.272183 0.036061 0.934523 0.081227 0.142753 0.517798 0.035781 0.752134 0.194518 0.519505 0.668787 0.955654 0.263470 0.501981 0.881118 0.308565 0.312813 0.839266 0.982835 0.565365 0.010766 0.042535 0.618733 0.661835 0.802466 0.783689 0.396843 0.772934 0.146948 0.825415 0.545155 0.315309 0.777652 0.594954 0.255879 0.271618 0.585228 0.622143 0.234000 0.704074 0.877463 0.106162 0.227295 0.061656 0.962798 0.175230 0.112785 0.513139 0.162486 0.804518 0.608456 0.432278 0.759119 0.892734 0.708806 0.213415 0.861295 0.495983 0.685289 0.451650 0.700842
0.251800 0.578178 0.930672 0.388582 0.129153 0.728585 0.220566 0.685172 0.085659 0.035834 0.648276 0.773085 0.146489 0.830088 0.227514 0.814382 0.251460 0.010077 0.953030 0.397895 0.638301 0.873558 0.883183 0.152977 0.042197 0.461650 0.534029 0.533530 0.508802 0.703150 0.855528 0.563084 0.510655 0.071271 0.304694 0.963112 0.936475 0.314477 0.221807 0.788303 0.616347 0.720271 0.786845 0.305010 0.977498 0.081936 0.359338 0.136959 0.125192 0.600053 0.686873 0.417550 0.487591 0.492170 0.433330 0.887007 0.185109 0.401637 0.674108 0.131687 0.626957 0.560744 0.947847 0.080754 0.510837 0.608628 0.702224 0.413471 0.052608 0.184258 0.771648 0.523268 0.297537 0.926973 0.153218 0.397281 0.280293 0.033419 0.112795 0.048517 0.701312 0.295875 0.817018 0.567892 0.632618 0.048140 0.579227 0.789173 0.794403 0.587509 0.490889 0.432643 0.001004 0.900196 0.051192 0.488163 0.125608 0.146010 0.243680 0.034142
0.752856 0.674497 0.999711 0.969788 0.824724 0.745423 0.726480 0.731389 0.535254 0.227762 0.437934 0.872298 0.463135 0.851262 0.112864 0.091323 0.802909 0.630974 0.337992 0.385379 0.749559 0.502100 0.033608 0.818239 0.922894 0.238376 0.327942 0.991263 0.332926 0.643374 0.102795 0.197209 0.401412 0.171865 0.225212 0.681892 0.244637 0.856181 0.167513 0.941312 0.725584 0.100947 0.598752 0.180493 0.572977 0.493216 0.243637 0.282072 0.313308 0.927643 0.909618 0.011780 0.393217 0.342271 0.493939 0.924975 0.308950 0.623848 0.238074 0.959688 0.212478 0.521083 0.078976 0.926939 0.756126 0.086339 0.769406 0.157833 0.893312 0.117276 0.401916 0.056504 0.512148 0.390136 0.824071 0.283449 0.797530 0.447984 0.725911 0.073429 0.471745 0.179393 0.814622 0.551818 0.657819 0.649864 0.848475 0.867382 0.812018 0.867559 0.078158 0.241445 0.918651 0.166100 0.412477 0.090435 0.775665 0.331127 0.155060 0.652715
0.681267 0.642649 0.845405 0.676759 0.123221 0.912636 0.304913 0.559901 0.324511 0.277029 0.562645 0.915843 0.218142 0.350915 0.573696 0.045084 0.535350 0.352914 0.987636 0.721149 0.865997 0.651371 0.566772 0.035776 0.993782 0.245170 0.568764 0.765392 0.024200 0.102125 0.137255 0.003866 0.824564 0.212970 0.448164 0.304455 0.819259 0.878286 0.478720 0.157887 0.756926 0.682630 0.845677 0.140723 0.231220 0.203151 0.583734 0.989179 0.242348 0.119705 0.891909 0.278396 0.170724 0.575470 0.409438 0.877131 0.502325 0.309805 0.863447 0.796247 0.327378 0.771055 0.017862 0.784057 0.751685 0.162127 0.770952 0.134571 0.006437 0.762713 0.108274 0.323396 0.087654 0.216437 0.009920 0.353882 0.302799 0.938963 0.635998 0.310716 0.982232 0.269715 0.243215 0.420575 0.055753 0.352198 0.902548 0.278480 0.092554 0.469197 0.754817 0.875171 0.977927 0.526108 0.174871 0.826703 0.180494 0.541024 0.977331 0.472299
0.074268 0.548354 0.170683 0.927027 0.422821 0.575418 0.529716 0.605792 0.143360 0.005829 0.034047 0.426369 0.073625 0.761846 0.498271 0.747251 0.209926 0.368905 0.167470 0.933887 0.700065 0.435422 0.180801 0.678360 0.416234 0.920243 0.940756 0.685333 0.973807 0.559707 0.019773 0.562422 0.390764 0.993383 0.765275 0.992761 0.254065 0.848373 0.326209 0.124183 0.932163 0.237448 0.597328 0.291120 0.397759 0.891940 0.523783 0.802693 0.905878 0.117623 0.902553 0.135097 0.159617 0.178611 0.734255 0.179141 0.220163 0.351268 0.302678 0.666540 0.339142 0.239936 0.236510 0.101057 0.830866 0.646538 0.276740 0.970220 0.263410 0.939152 0.823548 0.209607 0.840938 0.159521 0.498954 0.350187 0.243488 0.666009 0.392864 0.724178 0.518870 0.678642 0.597736 0.380294 0.481309 0.478760 0.486092 0.118479 0.940487 0.270831 0.372667 0.704339 0.183938 0.257716 0.073871 0.194507 0.239770 0.687000 0.013649 0.481564
0.862492 0.247760 0.586248 0.808738 0.633593 0.733619 0.580574 0.337996 0.174510 0.616915 0.790708 0.731174 0.257085 0.009242 0.924337 0.133529 0.471857 0.011945 0.130217 0.778511 0.437630 0.804130 0.122734 0.236496 0.479840 0.157819 0.442748 0.295422 0.404131 0.910129 0.962631 0.412534 0.678750 0.723843 0.823459 0.892365 0.279801 0.054516 0.638385 0.541155 0.144074 0.755024 0.470550 0.796831 0.469170 0.991774 0.146368 0.554070 0.875862 0.691088 0.722309 0.781788 0.457608 0.354397 0.579473 0.371923 0.598306 0.637210 0.094231 0.796270 0.342860 0.060676 0.515098 0.298823 0.277579 0.089324 0.012893 0.379780 0.285801 0.019422 0.171926 0.667088 0.889000 0.807438 0.404830 0.218242 0.994300 0.508346 0.257230 0.060059 0.202766 0.836701 0.138064 0.113601 0.006016 0.706627 0.517688 0.381360 0.365807 0.061876 0.495451 0.677595 0.859546 0.162285 0.217910 0.969987 0.559985 0.927052 0.380752 0.066503
0.211219 0.068037 0.610869 0.313746 0.769965 0.624335 0.374450 0.245222 0.369418 0.478527 0.353612 0.546761 0.023717 0.754326 0.699598 0.554200 0.438196 0.520172 0.267026 0.254160 0.458223 0.552178 0.125742 0.748814 0.840059 0.684571 0.427623 0.755900 0.682610 0.466295 0.602029 0.649968 0.918435 0.546248 0.387850 0.970788 0.081679 0.334089 0.951738 0.841136 0.884214 0.332284 0.962588 0.045225 0.801727 0.303916 0.713269 0.605953 0.072213 0.133528 0.388804 0.642525 0.569052 0.139120 0.570261 0.563008 0.865970 0.143166 0.690076 0.599011 0.177276 0.930237 0.800342 0.576860 0.655382 0.967286 0.845952 0.844789 0.064858 0.645317 0.094661 0.151715 0.820385 0.964035 0.721466 0.587090 0.682663 0.290482 0.202435 0.133368 0.012198 0.192465 0.909517 0.370573 0.959252 0.750393 0.213766 0.249169 0.677663 0.417565 0.507278 0.380154 0.820902 0.642033 0.034412 0.728490 0.645128 0.237995 0.268081 0.152437
0.158288 0.040748 0.798207 0.640326 0.224682 0.103596 0.591501 0.530397 0.493485 0.054379 0.173219 0.668378 0.550252 0.611408 0.858660 0.459443 0.681088 0.049591 0.983692 0.766904 0.957672 0.298578 0.876339 0.150684 0.520239 0.272193 0.855716 0.380901 0.790446 0.228980 0.007039 0.273391 0.688918 0.230496 0.320866 0.539530 0.514916 0.356432 0.558127 0.630704 0.033739 0.041455 0.731133 0.387406 0.760822 0.004409 0.125808 0.114511 0.227584 0.603114 0.165186 0.908964 0.723073 0.470242 0.280568 0.299432 0.356333 0.132901 0.531813 0.622482 0.299473 0.414688 0.632237 0.450347 0.189320 0.086981 0.205840 0.776171 0.733857 0.642306 0.403650 0.930809 0.902805 0.504989 0.871283 0.863095 0.215725 0.341823 0.893082 0.670940 0.919609 0.529527 0.338287 0.570833 0.659441 0.158230 0.469047 0.184359 0.533715 0.471187 0.760087 0.465051 0.046690 0.294327 0.036158 0.957991 0.946464 0.666823 0.638413 0.319815
0.388235 0.931966 0.927485 0.590823 0.166783 0.140118 0.081532 0.144809 0.833778 0.210764 0.868901 0.662913 0.375687 0.628202 0.455539 0.569272 0.332985 0.916792 0.348346 0.679039 0.384287 0.905552 0.195851 0.328184 0.869690 0.238640 0.018850 0.013660 0.534864 0.418444 0.647015 0.447537 0.113430 0.705934 0.026622 0.401706 0.044976 0.972874 0.424149 0.101628 0.826792 0.297532 0.073756 0.619728 0.753621 0.404090 0.816240 0.840111 0.299833 0.539161 0.238937 0.984828 0.974397 0.849516 0.662784 0.068640 0.206242 0.415040 0.485099 0.201513 0.734857 0.374704 0.849856 0.664751 0.711622 0.453748 0.588564 0.071111 0.913848 0.997289 0.356906 0.760973 0.171317 0.793258 0.104285 0.094112 0.187613 0.056261 0.502085 0.046167 0.270767 0.228414 0.410399 0.759694 0.043944 0.178181 0.596919 0.862927 0.387160 0.135173 0.136551 0.375454 0.931510 0.902602 0.257240 0.287152 0.274639 0.342509 0.793047 0.060994
0.803314 0.549472 0.880529 0.433978 0.280165 0.368874 0.766762 0.311956 0.000794 0.594041 0.219167 0.080898 0.360903 0.651293 0.776004 0.321276 0.651857 0.982208 0.093089 0.501054 0.323681 0.055471 0.264597 0.973700 0.986783 0.709188 0.719823 0.015989 0.273940 0.154797 0.562325 0.300345 0.509640 0.078853 0.455537 0.572525 0.323515 0.163924 0.357377 0.822318 0.257670 0.981087 0.319050 0.631554 0.828513 0.294711 0.390398 0.224326 0.268638 0.454384 0.324197 0.545766 0.603980 0.773299 0.916452 0.624291 0.745613 0.874162 0.389951 0.019931 0.271027 0.446267 0.398775 0.016884 0.500815 0.945236 0.567053 0.024916 0.572752 0.281903 0.344924 0.063941 0.266316 0.870099 0.566464 0.415441 0.614935 0.378132 0.395921 0.207561 0.931372 0.835416 0.694143 0.220588 0.210056 0.066821 0.673769 0.187978 0.520167 0.482474 0.480110 0.481936 0.793366 0.696567 0.136102 0.225095 0.609946 0.041616 0.028260 0.164600
0.020877 0.357348 0.926748 0.367936 0.783947 0.843641 0.419246 0.820216 0.759857 0.447796 0.768270 0.760905 0.460526 0.182862 0.333929 0.812650 0.003023 0.005400 0.702813 0.873662 0.209620 0.911949 0.057094 0.202375 0.288531 0.123554 0.358781 0.727542 0.628048 0.653754 0.199251 0.417070 0.745220 0.245354 0.686969 0.243780 0.356684 0.118306 0.287821 0.000862 0.300923 0.768266 0.529947 0.823756 0.233065 0.076250 0.721832 0.484100 0.252099 0.285371 0.888538 0.765830 0.059819 0.270827 0.395982 0.200686 0.137962 0.346149 0.171721 0.902226 0.099301 0.778645 0.023315 0.508925 0.812283 0.318857 0.197645 0.719426 0.585025 0.335626 0.513554 0.068174 0.957324 0.425275 0.514781 0.817901 0.365575 0.541000 0.856556 0.929294 0.275077 0.213642 0.434438 0.953206 0.471151 0.475973 0.905072 0.301534 0.704189 0.245420 0.895240 0.695925 0.409795 0.461962 0.622502 0.417358 0.514740 0.932859 0.275014 0.035330
0.786771 0.478605 0.031460 0.288549 0.501211 0.608158 0.945577 0.761739 0.845439 0.111739 0.323717 0.686199 0.472950 0.505218 0.730411 0.433904 0.669948 0.167225 0.168228 0.723778 0.499353 0.985953 0.439498 0.910956 0.529701 0.738959 0.367508 0.119121 0.396237 0.949785 0.747555 0.230386 0.525745 0.445034 0.472691 0.366803 0.493981 0.003286 0.480278 0.009478 0.963803 0.350821 0.977724 0.236394 0.372533 0.116261 0.962851 0.172678 0.556740 0.768164 0.985525 0.428942 0.139988 0.955215 0.747456 0.830939 0.796483 0.960546 0.593370 0.079964 0.969104 0.157670 0.406430 0.485256 0.946938 0.074508 0.268598 0.180139 0.124273 0.331922 0.562540 0.085150 0.556837 0.437375 0.958261 0.872791 0.492844 0.492902 0.859639 0.110350 0.545825 0.552088 0.985123 0.447676 0.621807 0.875320 0.002217 0.375554 0.845942 0.463772 0.776522 0.121117 0.512452 0.624032 0.291168 0.825888 0.305359 0.689616 0.952831 0.151201
