100
0.908046 0.575729 0.255922 0.097073 0.614559 0.092397 0.039316 0.028741 0.429532 0.271903 0.484498 0.260903 0.281458 0.100755 0.153517 0.976332 0.119556 0.435341 0.308989 0.352987 0.736753 0.473495 0.322007 0.758518 0.474657 0.039255 0.853263 0.152759 0.309013 0.331285 0.575613 0.435420 0.428468 0.835489 0.593988 0.669825 0.962603 0.113312 0.957575 0.731034 0.331595 0.715316 0.271104 0.843723 0.034609 0.493196 0.932877 0.629414 0.627767 0.115246 0.646207 0.044457 0.192963 0.391283 0.287103 0.339762 0.813363 0.147282 0.424315 0.726629 0.761704 0.059163 0.992886 0.499818 0.610940 0.779943 0.733458 0.844479 0.404902 0.804339 0.649446 0.419948 0.995737 0.596960 0.406646 0.717421 0.763312 0.943124 0.048622 0.653869 0.234818 0.960558 0.751681 0.463978 0.261196 0.784120 0.255638 0.298233 0.287100 0.842206 0.520102 0.839870 0.278789 0.919533 0.526427 0.385784 0.833933 0.415961 0.169653 0.534641
0.190958 0.199126 0.678443 0.147535 0.919660 0.268071 0.299838 0.296524 0.228049 0.111833 0.602111 0.343651 0.373672 0.799923 0.036727 0.469225 0.646934 0.807891 0.042986 0.197823 0.116279 0.840964 0.142517 0.645507 0.481681 0.922675 0.700433 0.686306 0.221402 0.993230 0.330736 0.519493 0.690649 0.547218 0.227712 0.860503 0.543882 0.135574 0.478799 0.699976 0.680384 0.048887 0.648541 0.860831 0.950525 0.181841 0.113146 0.731303 0.395775 0.964555 0.310192 0.793578 0.483395 0.005426 0.565013 0.164237 0.434750 0.945318 0.461616 0.221716 0.702298 0.820697 0.578813 0.911528 0.136607 0.566316 0.502359 0.610960 0.164559 0.495570 0.478747 0.312087 0.833460 0.884306 0.627837 0.751560 0.406825 0.496772 0.337220 0.102239 0.292129 0.038083 0.382740 0.827951 0.300338 0.911207 0.474955 0.378816 0.722129 0.151092 0.514353 0.235080 0.928136 0.085429 0.059752 0.775752 0.188319 0.357342 0.303054 0.995085
0.772157 0.772020 0.460998 0.528902 0.302883 0.715517 0.140715 0.134107 0.708913 0.957876 0.107312 0.766493 0.978990 0.818659 0.150836 0.419130 0.254850 0.898038 0.128096 0.852421 0.115022 0.650987 0.372543 0.606304 0.204023 0.756707 0.783435 0.848784 0.139605 0.869494 0.939827 0.950839 0.635179 0.894671 0.748867 0.198659 0.742499 0.924591 0.920796 0.201120 0.909607 0.049663 0.421489 0.499555 0.624251 0.425365 0.573322 0.283187 0.533295 0.801570 0.988117 0.970416 0.160548 0.066970 0.786616 0.363210 0.879202 0.474217 0.830510 0.261927 0.847257 0.007815 0.765326 0.732188 0.186158 0.721036 0.457030 0.838017 0.488278 0.016190 0.786725 0.410137 0.370844 0.563267 0.451489 0.936917 0.305823 0.289226 0.516429 0.062145 0.169925 0.330915 0.467998 0.802009 0.672501 0.419684 0.780011 0.034170 0.392745 0.782815 0.332135 0.375027 0.746125 0.753829 0.936113 0.093151 0.349161 0.695398 0.513465 0.247027
0.851942 0.639300 0.926141 0.876585 0.679985 0.876355 0.322277 0.349883 0.587815 0.445414 0.408491 0.772186 0.612814 0.191928 0.982088 0.935563 0.236756 0.630614 0.850511 0.679905 0.607110 0.614054 0.438164 0.491773 0.641775 0.427620 0.040193 0.696355 0.014004 0.671100 0.671660 0.695767 0.677048 0.265837 0.869631 0.886117 0.021523 0.581497 0.224610 0.642655 0.913002 0.230512 0.321460 0.382647 0.958561 0.081423 0.016930 0.245523 0.940863 0.155406 0.546942 0.273388 0.406324 0.468293 0.961159 0.135085 0.403717 0.669128 0.860512 0.215435 0.003812 0.516601 0.757323 0.037965 0.437633 0.505087 0.357841 0.023302 0.849814 0.902612 0.401184 0.024204 0.953690 0.252507 0.195832 0.699657 0.755535 0.000024 0.618893 0.476721 0.199304 0.803823 0.927945 0.938811 0.739495 0.258177 0.705360 0.431494 0.520135 0.121090 0.837559 0.727577 0.270853 0.175011 0.296062 0.444670 0.501087 0.677474 0.307947 0.934790
0.941316 0.910441 0.119775 0.161390 0.601126 0.592841 0.201234 0.211440 0.676647 0.658188 0.604772 0.704562 0.905950 0.793663 0.968470 0.458707 0.732991 0.110388 0.180150 0.698850 0.716608 0.425330 0.654925 0.987058 0.726007 0.639519 0.320432 0.577366 0.429513 0.022813 0.245594 0.905092 0.186703 0.466984 0.321143 0.498351 0.536077 0.859802 0.297529 0.144668 0.999577 0.877975 0.920116 0.733320 0.767432 0.862266 0.818824 0.393209 0.967905 0.354387 0.462320 0.916906 0.742020 0.958702 0.935825 0.051244 0.448177 0.664863 0.901835 0.351582 0.680015 0.573763 0.028710 0.779529 0.549118 0.849937 0.216110 0.434086 0.310306 0.200307 0.798163 0.890484 0.726804 0.755763 0.701258 0.485965 0.727326 0.901221 0.396218 0.708771 0.794365 0.694222 0.214722 0.588849 0.440689 0.869811 0.571505 0.774283 0.689609 0.591732 0.171972 0.269514 0.201885 0.801396 0.934375 0.223656 0.220381 0.209378 0.830641 0.121179
0.861069 0.580345 0.135505 0.830429 0.093444 0.822012 0.876697 0.844541 0.400463 0.015058 0.364182 0.430169 0.640601 0.607110 0.438406 0.797002 0.940488 0.694499 0.398917 0.572084 0.497446 0.655648 0.216700 0.529238 0.258611 0.227705 0.560426 0.176166 0.756472 0.407817 0.357281 0.244092 0.589805 0.625136 0.564708 0.151489 0.175778 0.913193 0.250779 0.502946 0.421477 0.297224 0.073285 0.352058 0.607597 0.841285 0.185307 0.619251 0.762152 0.662419 0.487533 0.895792 0.184791 0.505006 0.891376 0.353268 0.188231 0.007314 0.401254 0.709782 0.765203 0.246418 0.034187 0.932760 0.231939 0.759967 0.197588 0.609834 0.327993 0.362326 0.258486 0.772054 0.863843 0.351410 0.373173 0.637291 0.518555 0.646058 0.655684 0.141417 0.284856 0.774954 0.729706 0.417359 0.860721 0.914340 0.530209 0.049735 0.725320 0.434229 0.263023 0.517731 0.114695 0.935420 0.060120 0.780152 0.778468 0.780938 0.732006 0.911289
0.790047 0.633307 0.607980 0.510905 0.454757 0.156534 0.510481 0.971161 0.105424 0.288706 0.673640 0.822138 0.389809 0.244837 0.251985 0.235332 0.671325 0.584983 0.134606 0.934706 0.839539 0.357316 0.689571 0.121798 0.268538 0.736230 0.539195 0.411142 0.493429 0.324507 0.741527 0.351482 0.756907 0.470861 0.399948 0.358860 0.822346 0.636714 0.979894 0.080082 0.504592 0.108782 0.549716 0.510970 0.229922 0.867576 0.937604 0.298129 0.557746 0.303137 0.704732 0.060871 0.667694 0.106409 0.273425 0.400654 0.529641 0.435868 0.658171 0.708133 0.982236 0.176121 0.722222 0.012355 0.947262 0.406943 0.628056 0.204094 0.470716 0.212114 0.676911 0.144281 0.625062 0.923101 0.154311 0.302261 0.031274 0.288204 0.696417 0.600025 0.045579 0.857927 0.391937 0.821607 0.785583 0.866544 0.806557 0.960137 0.614058 0.765725 0.204634 0.789593 0.633452 0.637799 0.830210 0.854220 0.597656 0.768537 0.976501 0.596807
0.080584 0.662406 0.428011 0.009215 0.355756 0.956583 0.086020 0.202291 0.487841 0.346704 0.573583 0.506202 0.023783 0.636757 0.079845 0.974087 0.962579 0.823038 0.568562 0.374023 0.370430 0.763499 0.831980 0.063203 0.678213 0.849849 0.913351 0.663964 0.634662 0.354125 0.734453 0.169982 0.293214 0.644716 0.573837 0.088469 0.958336 0.961088 0.543547 0.763191 0.244741 0.814295 0.994005 0.342959 0.084653 0.437596 0.710566 0.731146 0.479964 0.102835 0.172820 0.481906 0.243133 0.750688 0.626054 0.403162 0.962787 0.293071 0.371040 0.347343 0.083371 0.860601 0.881607 0.718118 0.309304 0.797689 0.508332 0.396150 0.861468 0.945946 0.903938 0.073332 0.102952 0.516702 0.692258 0.352508 0.405957 0.181169 0.926085 0.727938 0.838152 0.950885 0.924125 0.738303 0.475828 0.445172 0.368105 0.843794 0.027398 0.570705 0.347853 0.630555 0.798528 0.526372 0.254094 0.485976 0.945045 0.975191 0.432990 0.212965
0.366415 0.050817 0.798262 0.907235 0.415001 0.442979 0.977627 0.850147 0.544559 0.639352 0.286637 0.338746 0.237323 0.420474 0.895936 0.917897 0.213162 0.334718 0.575312 0.477746 0.485156 0.983502 0.493569 0.795240 0.191130 0.651050 0.264127 0.674007 0.680189 0.547809 0.203952 0.390598 0.331489 0.267791 0.003574 0.308111 0.629813 0.171995 0.619925 0.923264 0.584486 0.345351 0.939660 0.756369 0.899822 0.596724 0.681790 0.939241 0.345108 0.974544 0.750407 0.096649 0.703203 0.347913 0.007970 0.023423 0.459101 0.968821 0.233410 0.477140 0.274512 0.015089 0.394857 0.921047 0.629190 0.924411 0.766978 0.373924 0.033395 0.070812 0.378420 0.387831 0.691003 0.971730 0.272392 0.048754 0.653051 0.791485 0.913412 0.864049 0.367897 0.383556 0.361926 0.217061 0.326218 0.141771 0.741895 0.667112 0.650831 0.814987 0.986803 0.829760 0.387190 0.385393 0.971935 0.765461 0.078747 0.402848 0.945207 0.829714
0.756988 0.107400 0.013990 0.651961 0.252388 0.508242 0.973537 0.361200 0.246505 0.912313 0.994160 0.422037 0.494965 0.396170 0.843863 0.575076 0.574244 0.627702 0.992229 0.774522 0.517836 0.773124 0.032121 0.837113 0.532647 0.490901 0.292356 0.031312 0.580503 0.134010 0.176980 0.182100 0.964296 0.607535 0.225063 0.876229 0.665328 0.319484 0.562533 0.980245 0.678350 0.532826 0.067164 0.985179 0.108441 0.245170 0.876811 0.806801 0.770052 0.740768 0.737426 0.156712 0.777362 0.733905 0.331452 0.158488 0.424042 0.256759 0.077694 0.398619 0.534022 0.316801 0.524892 0.364533 0.110864 0.614818 0.261204 0.148492 0.097817 0.833100 0.697733 0.537619 0.501927 0.047190 0.854191 0.264107 0.694765 0.656427 0.511702 0.340694 0.994719 0.737079 0.938226 0.075541 0.768836 0.477940 0.209431 0.559988 0.336668 0.041650 0.634702 0.887942 0.972393 0.639474 0.563148 0.052091 0.851919 0.158357 0.007738 0.796644
0.315611 0.934128 0.258074 0.005688 0.351116 0.602159 0.089706 0.258303 0.273094 0.195192 0.367655 0.013969 0.021311 0.292433 0.386415 0.894642 0.162990 0.607023 0.275326 0.608549 0.082474 0.358786 0.084648 0.921954 0.597915 0.909507 0.304278 0.205391 0.005647 0.522318 0.359166 0.557764 0.130208 0.525326 0.803705 0.636437 0.585036 0.755414 0.031725 0.650560 0.426367 0.024020 0.255781 0.052181 0.283459 0.054376 0.439071 0.464272 0.074404 0.116660 0.557421 0.257142 0.177221 0.587916 0.933086 0.624940 0.700092 0.777264 0.858374 0.090667 0.982700 0.059866 0.225974 0.418224 0.172726 0.490845 0.757231 0.999501 0.333826 0.658127 0.794981 0.240107 0.488942 0.574303 0.654411 0.983129 0.716288 0.805094 0.893644 0.067753 0.793460 0.990803 0.727709 0.054237 0.620171 0.606142 0.214334 0.884993 0.594951 0.916897 0.062420 0.869259 0.522663 0.632685 0.921030 0.662404 0.962605 0.740908 0.831044 0.289623
0.236282 0.798128 0.234069 0.064081 0.481678 0.546956 0.811469 0.001694 0.326150 0.547521 0.434571 0.026623 0.720521 0.314136 0.460294 0.988089 0.605330 0.468688 0.036624 0.214859 0.267569 0.685830 0.116315 0.358691 0.383435 0.503030 0.569467 0.276947 0.884502 0.765780 0.444953 0.608697 0.717246 0.171193 0.698563 0.851235 0.631721 0.779024 0.460890 0.685071 0.468187 0.108339 0.705077 0.038272 0.733364 0.529352 0.548258 0.188947 0.864331 0.552585 0.605161 0.388320 0.680171 0.416427 0.008944 0.867337 0.395993 0.331484 0.101768 0.592376 0.490597 0.193591 0.194743 0.406127 0.397080 0.768669 0.948740 0.638123 0.683614 0.621560 0.686427 0.796061 0.717907 0.261305 0.710982 0.780228 0.548957 0.436025 0.377559 0.876927 0.133709 0.923258 0.468060 0.397348 0.180491 0.320000 0.525788 0.266365 0.491734 0.083651 0.409069 0.917118 0.696265 0.664654 0.291490 0.944330 0.933015 0.245668 0.736632 0.812899
0.590790 0.098521 0.850998 0.311650 0.902650 0.782559 0.594044 0.862407 0.437211 0.620586 0.595944 0.033659 0.581372 0.841127 0.694455 0.800163 0.508802 0.322200 0.975676 0.731548 0.836905 0.881776 0.854233 0.753594 0.034013 0.732441 0.692076 0.955525 0.032679 0.184128 0.906529 0.630661 0.716120 0.749935 0.689531 0.878291 0.184868 0.508373 0.687526 0.881023 0.258882 0.019476 0.663115 0.402839 0.226226 0.457717 0.819646 0.664098 0.803244 0.546244 0.676164 0.005753 0.842907 0.006952 0.722706 0.514077 0.138746 0.773737 0.254843 0.159245 0.435973 0.737462 0.238677 0.059344 0.818402 0.942911 0.302098 0.882485 0.089537 0.805155 0.519536 0.649108 0.548995 0.012571 0.272884 0.117395 0.345468 0.159643 0.693575 0.354960 0.102251 0.370723 0.477767 0.025539 0.373911 0.904103 0.306237 0.353546 0.982534 0.390605 0.738799 0.141920 0.646695 0.796699 0.839712 0.235789 0.317680 0.329288 0.572967 0.859875
0.760755 0.858978 0.713831 0.422857 0.242566 0.362476 0.779160 0.210265 0.013436 0.059228 0.810509 0.033738 0.078461 0.771615 0.271982 0.126037 0.644881 0.603419 0.246738 0.632360 0.208301 0.973902 0.957147 0.559385 0.074925 0.429190 0.118376 0.625682 0.900788 0.445789 0.613296 0.919858 0.355049 0.853503 0.788882 0.577577 0.404299 0.202586 0.965840 0.621753 0.194081 0.164143 0.523159 0.918247 0.645805 0.743338 0.037899 0.497500 0.480893 0.828338 0.517431 0.455048 0.527945 0.546612 0.317198 0.113698 0.815833 0.969707 0.410978 0.535901 0.962877 0.557776 0.201106 0.140820 0.074358 0.649903 0.758222 0.130771 0.769366 0.556027 0.132833 0.380184 0.108275 0.725661 0.574221 0.436864 0.546232 0.274055 0.987540 0.350698 0.669898 0.745110 0.210742 0.285742 0.930704 0.088441 0.065327 0.903969 0.353832 0.388023 0.081112 0.766696 0.451011 0.580465 0.285646 0.085269 0.490635 0.393409 0.309238 0.001305
0.118873 0.160720 0.310339 0.339246 0.342221 0.244204 0.746056 0.137343 0.423368 0.719338 0.630246 0.375996 0.547193 0.416570 0.450780 0.378751 0.035041 0.581553 0.622372 0.165021 0.267145 0.432256 0.828352 0.892195 0.654722 0.256514 0.212108 0.211436 0.907453 0.523845 0.647807 0.625391 0.842643 0.354426 0.903141 0.004976 0.394906 0.832621 0.462828 0.295263 0.766962 0.703246 0.545422 0.148734 0.540816 0.960064 0.547893 0.025005 0.375552 0.681310 0.035275 0.963640 0.158293 0.729033 0.089022 0.888872 0.679291 0.912584 0.113900 0.744880 0.008739 0.761866 0.121560 0.892094 0.570894 0.156337 0.039975 0.957956 0.072179 0.415480 0.476592 0.207813 0.919135 0.772311 0.060143 0.998930 0.807926 0.337409 0.996283 0.598380 0.897705 0.351819 0.748984 0.192880 0.140490 0.496882 0.189016 0.636989 0.093264 0.597560 0.828691 0.029961 0.732409 0.475770 0.227235 0.073125 0.769920 0.172782 0.170236 0.020203
0.941344 0.499428 0.673546 0.412536 0.660161 0.173646 0.030531 0.004868 0.609306 0.281565 0.055874 0.578902 0.880138 0.595552 0.981492 0.291810 0.992665 0.924267 0.646464 0.193891 0.374051 0.735728 0.034156 0.246121 0.974886 0.689141 0.696037 0.238187 0.977108 0.479280 0.678716 0.208300 0.547356 0.339503 0.435452 0.805137 0.520107 0.491011 0.687212 0.098661 0.809784 0.596893 0.706659 0.379245 0.002184 0.877800 0.316936 0.354188 0.844321 0.265161 0.752576 0.704144 0.953457 0.597509 0.079397 0.622879 0.497679 0.943111 0.795088 0.179541 0.810330 0.725959 0.460063 0.393351 0.854554 0.670314 0.378119 0.513715 0.737727 0.574591 0.757550 0.398419 0.156501 0.833982 0.051272 0.635470 0.019354 0.379274 0.617020 0.954467 0.140425 0.370657 0.224769 0.439227 0.308588 0.395174 0.658651 0.284699 0.828084 0.325038 0.781274 0.816030 0.106872 0.404882 0.223296 0.093537 0.057931 0.720560 0.558741 0.239788
0.226978 0.852800 0.508523 0.969739 0.647290 0.029940 0.885118 0.150548 0.294650 0.925690 0.794973 0.051343 0.065489 0.772587 0.676957 0.607561 0.589439 0.777070 0.215991 0.024225 0.029440 0.479680 0.961909 0.357756 0.194975 0.007796 0.337333 0.194138 0.006182 0.875119 0.456910 0.481470 0.357669 0.302628 0.431956 0.649179 0.849143 0.690656 0.604033 0.428814 0.701954 0.283129 0.319251 0.623460 0.784099 0.300598 0.139440 0.616117 0.511786 0.591471 0.504851 0.044976 0.874010 0.689596 0.328836 0.088408 0.364265 0.257311 0.488102 0.825472 0.975368 0.236371 0.235932 0.393152 0.095690 0.998691 0.040992 0.287293 0.058105 0.424702 0.431973 0.517738 0.394542 0.948692 0.844719 0.043204 0.207936 0.063003 0.561258 0.103808 0.804399 0.518652 0.969989 0.576410 0.441982 0.023187 0.008299 0.263838 0.658316 0.135401 0.232979 0.864611 0.553216 0.696840 0.434969 0.456632 0.899168 0.173208 0.564625 0.959646
0.994347 0.263690 0.697840 0.775952 0.429778 0.015733 0.718508 0.161706 0.367093 0.390464 0.325175 0.889979 0.526244 0.001553 0.815752 0.752022 0.935692 0.267084 0.418157 0.370793 0.733343 0.939296 0.220443 0.570835 0.460613 0.503411 0.335983 0.047806 0.849086 0.657909 0.700417 0.327397 0.040911 0.935025 0.026703 0.503296 0.740600 0.805638 0.190102 0.291153 0.146477 0.603661 0.044663 0.184443 0.318308 0.605676 0.420403 0.586141 0.540792 0.183981 0.998562 0.150771 0.829648 0.165589 0.615704 0.826736 0.183248 0.396629 0.348336 0.909719 0.964510 0.567331 0.779619 0.781153 0.730728 0.822422 0.400151 0.852301 0.726154 0.240698 0.689479 0.304575 0.488804 0.618007 0.937353 0.114142 0.785242 0.381873 0.019276 0.804080 0.315085 0.587166 0.959624 0.437703 0.119753 0.928578 0.019033 0.994871 0.045341 0.902213 0.677113 0.066611 0.166014 0.313309 0.720488 0.477210 0.689270 0.851725 0.880139 0.876161
0.384414 0.744040 0.671408 0.100577 0.838468 0.061040 0.998456 0.852811 0.529635 0.582818 0.241861 0.301933 0.329606 0.813781 0.928577 0.837094 0.033129 0.663106 0.920138 0.261485 0.723876 0.666011 0.930705 0.102301 0.876198 0.899340 0.501813 0.492743 0.089943 0.422825 0.428942 0.415404 0.986723 0.217160 0.436332 0.832866 0.221129 0.545242 0.123276 0.832572 0.314959 0.924208 0.458092 0.818598 0.092573 0.157532 0.670073 0.569386 0.416821 0.347537 0.295050 0.963452 0.984239 0.687260 0.316504 0.630972 0.673988 0.022183 0.766327 0.469306 0.049148 0.754294 0.689525 0.670107 0.624388 0.473498 0.489534 0.665359 0.816654 0.853197 0.856527 0.714107 0.948298 0.777873 0.587430 0.658200 0.853844 0.974939 0.024833 0.791104 0.740177 0.179063 0.874646 0.157484 0.502519 0.068825 0.064906 0.814037 0.928197 0.870287 0.253811 0.979483 0.787682 0.437484 0.403921 0.590929 0.694082 0.854336 0.195468 0.099503
0.731425 0.009707 0.440694 0.473756 0.206189 0.987678 0.353964 0.228527 0.266539 0.062991 0.910086 0.554250 0.520825 0.450231 0.393909 0.025130 0.971581 0.958393 0.339747 0.944950 0.542787 0.179503 0.937391 0.558897 0.501964 0.876866 0.393340 0.678702 0.759988 0.410012 0.063916 0.351758 0.979737 0.916125 0.224152 0.640222 0.168184 0.672072 0.140376 0.187644 0.648095 0.097018 0.115909 0.202339 0.970049 0.010498 0.381270 0.309400 0.131539 0.597807 0.961243 0.928419 0.267291 0.003984 0.804323 0.879022 0.817851 0.141723 0.534754 0.573588 0.647940 0.420314 0.387592 0.277318 0.574689 0.457586 0.294367 0.833608 0.816933 0.190322 0.846711 0.601991 0.223871 0.599448 0.651723 0.581258 0.394172 0.957815 0.387652 0.821343 0.474547 0.552348 0.960542 0.924190 0.457077 0.587629 0.773520 0.451849 0.176600 0.438233 0.517745 0.755119 0.749414 0.364110 0.910870 0.317820 0.555231 0.770133 0.456051 0.406441
0.832206 0.739416 0.110340 0.352821 0.712813 0.937769 0.539004 0.721415 0.016072 0.127534 0.590287 0.905669 0.448600 0.821744 0.963814 0.582513 0.027761 0.700727 0.787435 0.894361 0.030450 0.806125 0.891948 0.733582 0.029494 0.368362 0.443575 0.187615 0.212229 0.029902 0.030740 0.218820 0.937288 0.635040 0.520832 0.529218 0.326721 0.446973 0.882964 0.779502 0.117782 0.200728 0.495725 0.678174 0.980862 0.718713 0.826713 0.719498 0.073459 0.025993 0.755634 0.219935 0.328590 0.859138 0.722438 0.586086 0.959583 0.957229 0.211146 0.005255 0.656186 0.670542 0.692856 0.542289 0.283713 0.697156 0.918051 0.362607 0.159190 0.171372 0.749906 0.208690 0.593207 0.289103 0.804437 0.020851 0.487497 0.149264 0.302839 0.796068 0.967271 0.445398 0.375290 0.461340 0.065578 0.452249 0.787527 0.669325 0.567106 0.067042 0.293400 0.215576 0.382215 0.688774 0.402200 0.419221 0.075595 0.702460 0.528691 0.405816
0.841960 0.435554 0.069854 0.766903 0.841996 0.282672 0.713020 0.821577 0.026199 0.158027 0.164181 0.517678 0.377321 0.106101 0.497933 0.454005 0.055113 0.663366 0.411539 0.657747 0.784791 0.939292 0.234144 0.835407 0.606673 0.594350 0.256629 0.599677 0.692528 0.797510 0.256829 0.150597 0.544823 0.672628 0.985552 0.536995 0.866585 0.036133 0.415766 0.695871 0.742200 0.535533 0.031864 0.938170 0.924146 0.531889 0.027326 0.003253 0.660753 0.583742 0.732567 0.430823 0.241088 0.453642 0.952441 0.850978 0.102310 0.649533 0.804412 0.159947 0.943592 0.351353 0.224564 0.528609 0.974224 0.835772 0.535829 0.120384 0.187948 0.031167 0.168784 0.471642 0.190602 0.804908 0.514112 0.565248 0.813738 0.910264 0.077887 0.656276 0.826421 0.000894 0.001796 0.708314 0.563260 0.220973 0.996838 0.442762 0.155617 0.313697 0.623600 0.703665 0.141661 0.162904 0.732474 0.786851 0.254282 0.680855 0.008170 0.976585
0.934269 0.680349 0.906012 0.681258 0.129281 0.155468 0.865285 0.899620 0.990165 0.019492 0.708526 0.021525 0.644557 0.376960 0.920719 0.992625 0.659148 0.530587 0.484783 0.016604 0.998091 0.935646 0.277060 0.722440 0.749473 0.090654 0.753938 0.631718 0.124625 0.149700 0.702003 0.010137 0.453778 0.236580 0.383121 0.661709 0.437372 0.496074 0.783890 0.487806 0.671028 0.584530 0.369321 0.403565 0.272327 0.784369 0.353085 0.794042 0.573380 0.067738 0.132568 0.222072 0.832732 0.656294 0.907247 0.960433 0.094681 0.171794 0.762323 0.128596 0.537507 0.770949 0.260454 0.154198 0.654330 0.825828 0.785635 0.829402 0.886256 0.880424 0.774104 0.371863 0.845424 0.771496 0.078709 0.635876 0.632650 0.579008 0.578509 0.396358 0.394563 0.533801 0.093294 0.484889 0.161707 0.504205 0.951362 0.313738 0.769554 0.899334 0.464918 0.708372 0.769047 0.284129 0.893630 0.440137 0.050008 0.259423 0.348980 0.340385
0.209416 0.119850 0.612885 0.398298 0.479552 0.051177 0.148759 0.095056 0.719526 0.735582 0.337834 0.368667 0.183826 0.123055 0.238574 0.745914 0.494235 0.678846 0.299424 0.533136 0.122546 0.187223 0.839186 0.966552 0.568229 0.315145 0.462898 0.205917 0.125316 0.758130 0.821780 0.882507 0.062099 0.807526 0.820512 0.968765 0.523607 0.118713 0.411900 0.150631 0.776351 0.290169 0.661299 0.613844 0.059693 0.089244 0.216168 0.289544 0.271450 0.320350 0.985449 0.881304 0.273485 0.659052 0.346765 0.967865 0.932571 0.516961 0.876661 0.571617 0.832566 0.975832 0.873929 0.592709 0.318835 0.132175 0.918990 0.507262 0.716904 0.418216 0.370492 0.874979 0.771004 0.973061 0.249348 0.418993 0.526567 0.705504 0.707835 0.096831 0.346720 0.886613 0.584960 0.955995 0.333134 0.454557 0.191950 0.546615 0.223428 0.287340 0.256631 0.991601 0.274462 0.197010 0.292870 0.113541 0.099341 0.284403 0.124843 0.618119
0.646235 0.739847 0.553388 0.687953 0.019477 0.482686 0.724016 0.140429 0.638759 0.931360 0.154023 0.039595 0.443233 0.984495 0.119817 0.634472 0.756349 0.854980 0.717715 0.348837 0.705758 0.441089 0.835130 0.355239 0.466537 0.293217 0.147882 0.631665 0.718258 0.747322 0.129698 0.563835 0.138192 0.382440 0.595183 0.183409 0.564326 0.690768 0.927512 0.725943 0.134693 0.573140 0.709699 0.199972 0.675052 0.529256 0.314059 0.464855 0.452836 0.915965 0.812814 0.861780 0.436360 0.585214 0.241185 0.715571 0.788901 0.587105 0.225311 0.467613 0.773679 0.026312 0.416644 0.202752 0.169049 0.367627 0.293096 0.725153 0.501408 0.318899 0.824198 0.902861 0.091576 0.399339 0.572447 0.832334 0.138342 0.664812 0.605564 0.517364 0.854015 0.102766 0.503010 0.291477 0.062403 0.195707 0.556204 0.443570 0.509769 0.021809 0.422685 0.427719 0.212475 0.199366 0.260946 0.521951 0.539055 0.598406 0.215165 0.693806
0.792700 0.212110 0.440483 0.525999 0.545361 0.095781 0.536590 0.403473 0.908926 0.079597 0.917628 0.101016 0.298079 0.357276 0.439556 0.387881 0.122497 0.371171 0.693615 0.158282 0.116190 0.683730 0.244550 0.033939 0.628061 0.678419 0.749595 0.188114 0.411953 0.017971 0.825768 0.916260 0.540810 0.595095 0.692550 0.381856 0.782667 0.061963 0.175436 0.866644 0.533076 0.875228 0.898215 0.527593 0.962958 0.638706 0.660625 0.345625 0.937613 0.853292 0.603710 0.016941 0.248092 0.512851 0.107937 0.638905 0.897587 0.449188 0.232474 0.238647 0.277600 0.182152 0.614242 0.454466 0.122616 0.465890 0.292536 0.206143 0.576138 0.136293 0.404658 0.300173 0.790160 0.426560 0.736344 0.502705 0.506531 0.789294 0.130402 0.693890 0.429202 0.403171 0.272123 0.088681 0.475937 0.054423 0.606456 0.228505 0.815311 0.836479 0.237968 0.605610 0.773113 0.784712 0.787829 0.416719 0.243067 0.187214 0.213568 0.465790
0.195076 0.502813 0.950477 0.771396 0.292708 0.247839 0.826690 0.980945 0.332829 0.881698 0.406692 0.864892 0.490521 0.026394 0.625293 0.214832 0.196592 0.018141 0.982848 0.567105 0.190073 0.543146 0.918152 0.702580 0.949914 0.353378 0.283657 0.958848 0.623420 0.737911 0.571934 0.998274 0.335343 0.386410 0.911387 0.411625 0.860503 0.189865 0.769485 0.181833 0.592391 0.460430 0.718219 0.983855 0.170870 0.829766 0.776487 0.220167 0.440991 0.580842 0.436592 0.574508 0.711573 0.997304 0.042451 0.076720 0.064898 0.076587 0.762486 0.533544 0.291682 0.789089 0.259992 0.511606 0.779442 0.801483 0.126937 0.422342 0.800238 0.698441 0.946436 0.002130 0.944295 0.367129 0.445206 0.038022 0.419344 0.143743 0.242619 0.300939 0.727501 0.571751 0.833537 0.597817 0.374261 0.223627 0.600212 0.216835 0.281636 0.238105 0.606420 0.562456 0.841689 0.723561 0.769159 0.831361 0.979873 0.952951 0.072916 0.715431
0.836952 0.364188 0.757267 0.399407 0.971282 0.151949 0.417889 0.061169 0.341008 0.107255 0.684307 0.339372 0.733438 0.085746 0.438747 0.935158 0.293871 0.386596 0.306698 0.057114 0.363405 0.286483 0.283123 0.108773 0.158789 0.401337 0.978630 0.918143 0.283502 0.436722 0.480358 0.234662 0.210998 0.060301 0.288909 0.393723 0.392158 0.452379 0.186231 0.414225 0.010166 0.388081 0.641984 0.219996 0.271101 0.860280 0.645973 0.167385 0.750396 0.135942 0.008448 0.002868 0.324040 0.269531 0.499138 0.675726 0.528893 0.166746 0.651775 0.984240 0.043340 0.458006 0.593701 0.443116 0.313224 0.187119 0.933671 0.142379 0.745854 0.619806 0.006137 0.511606 0.653051 0.300005 0.275295 0.664109 0.562034 0.691459 0.156281 0.619777 0.482017 0.894387 0.670031 0.629659 0.639087 0.270022 0.890345 0.046378 0.123758 0.213548 0.684309 0.119991 0.832669 0.359215 0.622611 0.417785 0.741176 0.196191 0.746835 0.240311
0.100282 0.228587 0.876655 0.463916 0.066267 0.771530 0.685734 0.748760 0.464941 0.744820 0.887368 0.674339 0.816174 0.196077 0.199610 0.387835 0.104497 0.510407 0.662306 0.944969 0.315062 0.116304 0.305493 0.936170 0.267263 0.079414 0.922210 0.214592 0.477965 0.278611 0.692923 0.225375 0.515651 0.817345 0.641211 0.388689 0.670189 0.519795 0.442620 0.852731 0.059917 0.431064 0.864910 0.383951 0.668141 0.635391 0.160257 0.517527 0.284816 0.944234 0.172167 0.263373 0.314851 0.419462 0.851723 0.852625 0.331262 0.077064 0.533973 0.627077 0.190383 0.357375 0.913434 0.910448 0.291635 0.008719 0.794908 0.983195 0.103112 0.738477 0.957194 0.947020 0.316500 0.621123 0.205436 0.832177 0.964477 0.846995 0.890657 0.142764 0.628151 0.995934 0.234879 0.156782 0.368818 0.072203 0.027335 0.461460 0.985906 0.294873 0.448614 0.274239 0.001681 0.623061 0.389275 0.592901 0.875682 0.901864 0.169128 0.661435
0.646674 0.387493 0.384670 0.783263 0.919821 0.394159 0.160899 0.500486 0.983118 0.989413 0.479633 0.583277 0.562150 0.430096 0.306207 0.660526 0.133828 0.448723 0.640429 0.005704 0.210153 0.751682 0.117806 0.672976 0.912605 0.353421 0.276197 0.217227 0.487099 0.268222 0.126265 0.151068 0.450545 0.779044 0.942305 0.082342 0.466509 0.613057 0.103647 0.580216 0.493088 0.284289 0.579505 0.179123 0.630557 0.969339 0.505306 0.155641 0.231863 0.235361 0.138598 0.923328 0.717201 0.245339 0.658631 0.308028 0.096359 0.727007 0.428230 0.525415 0.156149 0.155185 0.689847 0.740988 0.517185 0.639653 0.855527 0.938427 0.512498 0.772136 0.811851 0.720559 0.935834 0.183951 0.079006 0.626391 0.283347 0.853945 0.104743 0.362296 0.682659 0.604441 0.203285 0.951702 0.151591 0.420608 0.200777 0.509291 0.359767 0.009442 0.299917 0.218992 0.646091 0.402310 0.150666 0.890776 0.279469 0.245544 0.246388 0.834146
0.133463 0.476947 0.228647 0.737337 0.933257 0.859929 0.798652 0.737489 0.255497 0.152890 0.981151 0.334632 0.075839 0.848508 0.603672 0.293088 0.607947 0.914286 0.203669 0.578348 0.248963 0.233440 0.011940 0.797455 0.006941 0.969698 0.631021 0.379694 0.388346 0.873638 0.337358 0.064508 0.576121 0.097995 0.778077 0.653153 0.384996 0.409624 0.849064 0.681242 0.291633 0.223104 0.674133 0.150920 0.191828 0.801860 0.572993 0.079420 0.562018 0.536267 0.160509 0.120269 0.161512 0.953027 0.015214 0.892421 0.570330 0.502572 0.648254 0.271643 0.811426 0.304720 0.651165 0.126248 0.617803 0.709375 0.661378 0.039752 0.071921 0.280693 0.602694 0.054168 0.625443 0.500463 0.386618 0.767213 0.137585 0.877881 0.014635 0.517536 0.058254 0.158452 0.898011 0.910134 0.320643 0.715700 0.672885 0.989626 0.715565 0.391631 0.366724 0.928461 0.109885 0.995513 0.461281 0.370177 0.023971 0.406704 0.130530 0.079394
0.179575 0.878717 0.054621 0.067928 0.219234 0.550165 0.001097 0.628137 0.472180 0.386670 0.387718 0.672435 0.562970 0.505891 0.964803 0.930575 0.274382 0.954955 0.316237 0.216961 0.061705 0.015977 0.872166 0.824275 0.105520 0.330101 0.118959 0.869074 0.434628 0.146928 0.666992 0.322232 0.318436 0.063329 0.256752 0.328121 0.616240 0.849421 0.204225 0.205838 0.570429 0.700342 0.648821 0.185939 0.787991 0.349425 0.237439 0.753747 0.027114 0.406496 0.790816 0.214061 0.105365 0.377360 0.694437 0.326175 0.337088 0.663519 0.576974 0.305779 0.039416 0.322291 0.119695 0.337418 0.988829 0.726345 0.647142 0.140545 0.336134 0.180008 0.812365 0.775703 0.726197 0.710314 0.975291 0.865805 0.877364 0.783911 0.372212 0.885405 0.036964 0.067673 0.249669 0.389633 0.470240 0.855010 0.637950 0.937241 0.509422 0.657348 0.249606 0.685960 0.132090 0.831660 0.041251 0.571269 0.993854 0.375913 0.932084 0.089426
0.842915 0.882562 0.794892 0.314994 0.161351 0.524501 0.471170 0.380089 0.940610 0.766738 0.139414 0.776402 0.891103 0.780714 0.886752 0.988062 0.451365 0.865274 0.284667 0.998112 0.332544 0.341534 0.497097 0.497721 0.247928 0.482626 0.665447 0.454154 0.641572 0.648321 0.963468 0.875757 0.475067 0.008212 0.829486 0.292655 0.439547 0.812449 0.216093 0.259182 0.565016 0.664360 0.200141 0.272560 0.603242 0.557282 0.587812 0.644463 0.615947 0.312692 0.730320 0.239074 0.190845 0.759503 0.463106 0.037917 0.639173 0.832087 0.832008 0.911690 0.569239 0.407818 0.501971 0.403419 0.696081 0.624202 0.083109 0.685471 0.819406 0.550200 0.415131 0.589969 0.931361 0.038798 0.365313 0.211013 0.724934 0.050225 0.704063 0.886260 0.850339 0.090435 0.953601 0.793441 0.200257 0.856558 0.429068 0.030775 0.583817 0.863597 0.497412 0.947529 0.967889 0.201168 0.270414 0.415243 0.622648 0.846134 0.986183 0.999963
0.175059 0.817017 0.360182 0.860759 0.885632 0.678871 0.054904 0.928298 0.485056 0.836097 0.696542 0.934693 0.575851 0.939718 0.044389 0.729959 0.559671 0.852651 0.100221 0.175199 0.525281 0.529589 0.841960 0.271594 0.002048 0.595689 0.813658 0.417976 0.806015 0.350800 0.481878 0.191916 0.569042 0.573597 0.141719 0.389175 0.968562 0.643974 0.005481 0.413311 0.499158 0.974680 0.122964 0.413222 0.250789 0.687885 0.220572 0.614203 0.622861 0.179614 0.859611 0.135547 0.630695 0.872594 0.850664 0.276942 0.314899 0.466875 0.175725 0.921541 0.150425 0.122501 0.096589 0.592215 0.023812 0.165666 0.119602 0.154334 0.171157 0.186438 0.355104 0.460641 0.388141 0.134189 0.826938 0.570276 0.065104 0.134199 0.258548 0.575866 0.230873 0.592240 0.760522 0.693489 0.063410 0.370775 0.711158 0.149912 0.961830 0.931437 0.127913 0.204301 0.385425 0.418883 0.362547 0.786840 0.117115 0.025485 0.768717 0.952497
0.187577 0.607349 0.082472 0.868044 0.424693 0.982708 0.011537 0.433802 0.163595 0.700376 0.198557 0.818339 0.580169 0.471552 0.267575 0.260757 0.569271 0.527256 0.518802 0.958652 0.832944 0.524058 0.931898 0.727679 0.848471 0.475665 0.243738 0.357758 0.149520 0.625794 0.058817 0.515341 0.902601 0.044466 0.814782 0.356778 0.274370 0.259339 0.310284 0.141006 0.531460 0.102210 0.755205 0.217020 0.604097 0.480427 0.144074 0.650004 0.080278 0.734298 0.691587 0.380257 0.932273 0.005202 0.959916 0.552904 0.339715 0.217574 0.315156 0.138966 0.311042 0.657650 0.218671 0.618061 0.336737 0.485581 0.789811 0.861464 0.512676 0.418764 0.312398 0.629359 0.539338 0.389365 0.184627 0.413628 0.644288 0.810419 0.260430 0.624630 0.709130 0.190028 0.416038 0.836310 0.384993 0.874410 0.520573 0.886053 0.672454 0.741687 0.472771 0.300517 0.418860 0.736012 0.754825 0.178600 0.199901 0.900989 0.334095 0.286552
0.190216 0.843278 0.198028 0.660233 0.909859 0.681059 0.399336 0.232659 0.392326 0.781172 0.074086 0.789126 0.262102 0.323578 0.859259 0.205349 0.135321 0.591197 0.241240 0.733470 0.992986 0.439075 0.946895 0.262404 0.397220 0.593083 0.267312 0.003775 0.405538 0.699991 0.970491 0.829630 0.953736 0.603471 0.098323 0.382708 0.610382 0.727602 0.827249 0.968133 0.392775 0.990940 0.828792 0.021070 0.922531 0.280624 0.896769 0.580193 0.380709 0.308963 0.491913 0.387155 0.309028 0.673931 0.230776 0.587786 0.086719 0.322753 0.139307 0.748650 0.817161 0.778469 0.001629 0.175767 0.472658 0.018703 0.181486 0.936370 0.661908 0.368075 0.652387 0.461059 0.099541 0.924916 0.787619 0.276144 0.199098 0.698734 0.923510 0.533424 0.318049 0.769607 0.142137 0.453235 0.318306 0.890381 0.896622 0.151064 0.608145 0.096966 0.813176 0.055261 0.802742 0.033634 0.944224 0.352289 0.831982 0.421050 0.864779 0.174529
0.073023 0.891944 0.764108 0.593848 0.828031 0.176037 0.348841 0.912237 0.838878 0.026897 0.162442 0.662794 0.720254 0.063158 0.321599 0.569383 0.726189 0.737679 0.612443 0.971996 0.795069 0.483219 0.154672 0.306768 0.385637 0.282813 0.867947 0.940695 0.051693 0.760106 0.365358 0.682034 0.071265 0.604940 0.713656 0.486895 0.459019 0.172943 0.642945 0.866615 0.161264 0.494087 0.989073 0.074735 0.897624 0.873626 0.636730 0.488317 0.382318 0.193832 0.006386 0.802462 0.828872 0.014449 0.507996 0.043737 0.579038 0.736488 0.722334 0.114639 0.677198 0.306280 0.287157 0.750797 0.064797 0.902868 0.737709 0.067963 0.182317 0.408810 0.895108 0.690817 0.512357 0.538298 0.430145 0.253253 0.655632 0.132364 0.444571 0.181318 0.788096 0.392285 0.333787 0.397915 0.386196 0.554353 0.419834 0.771851 0.673538 0.819438 0.850920 0.777805 0.281854 0.746008 0.409392 0.077799 0.328680 0.481667 0.304220 0.588325
0.361897 0.051433 0.525252 0.806215 0.427465 0.989464 0.429156 0.696779 0.774328 0.798307 0.871886 0.016108 0.832404 0.594081 0.151100 0.236440 0.379286 0.053563 0.586326 0.309327 0.126682 0.786086 0.051516 0.193268 0.357493 0.051659 0.896132 0.334220 0.279935 0.330075 0.191048 0.669814 0.675351 0.966909 0.057890 0.159635 0.557205 0.300083 0.003419 0.553780 0.086021 0.253511 0.934928 0.474923 0.852775 0.279087 0.590599 0.478439 0.119598 0.471567 0.954116 0.401430 0.433489 0.821160 0.044950 0.763985 0.331960 0.868093 0.567128 0.297810 0.353901 0.329303 0.278351 0.507175 0.928002 0.251769 0.174593 0.934414 0.032917 0.586240 0.870435 0.096898 0.820451 0.922493 0.750439 0.232505 0.291117 0.991965 0.570774 0.327647 0.636835 0.969146 0.919583 0.836305 0.270989 0.128150 0.259254 0.540868 0.623270 0.930901 0.650742 0.400153 0.577506 0.526016 0.102357 0.811108 0.031870 0.144808 0.131553 0.097252
0.325068 0.916656 0.603825 0.520845 0.482367 0.505576 0.093371 0.607460 0.774903 0.565705 0.679363 0.774170 0.562281 0.939787 0.499512 0.990720 0.755473 0.907689 0.880315 0.273147 0.971824 0.106355 0.343661 0.378684 0.251004 0.346380 0.879860 0.709707 0.501923 0.774088 0.762390 0.072450 0.375664 0.723014 0.179397 0.618701 0.115224 0.910255 0.445865 0.002068 0.460159 0.213633 0.510076 0.900157 0.072938 0.209486 0.445279 0.627608 0.676354 0.139327 0.162500 0.928090 0.563214 0.675368 0.857383 0.809776 0.365790 0.773395 0.633046 0.909963 0.755591 0.876149 0.992785 0.787995 0.705722 0.009930 0.189127 0.932856 0.011889 0.395103 0.851778 0.602849 0.157943 0.891014 0.061328 0.426247 0.767398 0.150210 0.640509 0.039366 0.788135 0.644547 0.679323 0.783916 0.682454 0.640418 0.245281 0.231947 0.724360 0.938400 0.829336 0.648725 0.332700 0.761573 0.829131 0.609228 0.042004 0.845959 0.658176 0.690751
0.250892 0.205947 0.823348 0.321184 0.815047 0.972828 0.877323 0.828627 0.341989 0.534171 0.992897 0.281830 0.745243 0.516488 0.212066 0.503464 0.741235 0.943410 0.918303 0.896966 0.280764 0.172686 0.390418 0.155074 0.584781 0.126819 0.925959 0.007419 0.169914 0.326596 0.972496 0.577841 0.941321 0.795439 0.020355 0.677333 0.838243 0.465832 0.850413 0.112928 0.543743 0.886881 0.279014 0.898787 0.558371 0.462176 0.903044 0.116653 0.414934 0.944899 0.431149 0.775644 0.098537 0.705821 0.501404 0.607416 0.048524 0.519479 0.997182 0.275450 0.788247 0.721055 0.491744 0.248851 0.602563 0.202808 0.138776 0.096177 0.281067 0.456858 0.429685 0.295524 0.606882 0.474204 0.119762 0.986369 0.946330 0.184567 0.262820 0.943474 0.282630 0.242138 0.517138 0.214936 0.965420 0.852338 0.411969 0.616079 0.837159 0.034985 0.962073 0.411233 0.643678 0.308853 0.316199 0.630116 0.364222 0.891607 0.745770 0.837600
0.518675 0.143949 0.422383 0.736707 0.063000 0.466711 0.546501 0.305134 0.602519 0.188633 0.791769 0.839459 0.736510 0.329610 0.421558 0.338042 0.637729 0.063871 0.758111 0.150236 0.892753 0.583589 0.046224 0.165920 0.021843 0.844531 0.642516 0.481797 0.108744 0.776117 0.705718 0.925827 0.953446 0.384118 0.940781 0.319988 0.009397 0.803466 0.818797 0.347598 0.560233 0.254819 0.612516 0.025463 0.488657 0.265664 0.779618 0.080526 0.999252 0.107282 0.259544 0.696534 0.251013 0.838169 0.504529 0.503069 0.805479 0.176594 0.522564 0.381471 0.358643 0.469948 0.420326 0.009494 0.394491 0.049590 0.656956 0.189003 0.262884 0.426172 0.224520 0.555152 0.068314 0.433073 0.795610 0.478835 0.571014 0.856055 0.781495 0.723933 0.931110 0.857863 0.564993 0.593568 0.087067 0.523196 0.276881 0.925734 0.357966 0.930738 0.098034 0.151935 0.577999 0.788364 0.764843 0.397525 0.947076 0.077355 0.599796 0.991132
0.109924 0.460069 0.155955 0.693991 0.641708 0.503934 0.923143 0.257847 0.074328 0.122195 0.772007 0.813297 0.633921 0.747462 0.998550 0.033101 0.357689 0.087014 0.110272 0.215285 0.113260 0.236164 0.880949 0.142253 0.413493 0.534372 0.169872 0.415418 0.370873 0.841648 0.505373 0.402650 0.168074 0.494250 0.500049 0.621898 0.740596 0.850208 0.220640 0.001154 0.358053 0.505196 0.207989 0.844979 0.056880 0.936199 0.222748 0.428721 0.500000 0.919074 0.739262 0.815531 0.743156 0.275622 0.455702 0.798342 0.335290 0.722454 0.933290 0.840632 0.852839 0.043033 0.298278 0.588020 0.640391 0.362270 0.430826 0.952060 0.644745 0.129168 0.284285 0.625861 0.522321 0.719858 0.433284 0.606752 0.283213 0.543514 0.185752 0.753156 0.113898 0.439626 0.388116 0.026837 0.051404 0.359055 0.214800 0.716023 0.831587 0.130399 0.378862 0.577720 0.119613 0.573137 0.685276 0.979579 0.153482 0.929957 0.832906 0.823551
0.613656 0.420661 0.967162 0.650415 0.747963 0.291996 0.951649 0.121559 0.087387 0.456894 0.881739 0.753614 0.126153 0.368071 0.256574 0.956542 0.131048 0.681684 0.266883 0.104443 0.360011 0.990323 0.449204 0.727459 0.178379 0.685195 0.534121 0.494037 0.930634 0.486048 0.059176 0.671675 0.482015 0.193568 0.396259 0.932176 0.981714 0.030976 0.526474 0.921853 0.406250 0.907411 0.239327 0.461486 0.917415 0.828269 0.218919 0.507709 0.367182 0.289977 0.787266 0.031349 0.596008 0.683108 0.768933 0.960049 0.290319 0.069279 0.279482 0.431980 0.326747 0.840851 0.356916 0.737519 0.794738 0.147086 0.045709 0.528046 0.314712 0.018197 0.149196 0.638456 0.805707 0.562073 0.282330 0.050456 0.159488 0.040245 0.512590 0.653904 0.962027 0.022430 0.024584 0.433734 0.630890 0.069006 0.869028 0.337051 0.858653 0.646241 0.588383 0.672293 0.678287 0.155485 0.011557 0.369985 0.986148 0.147889 0.849543 0.403458
0.086362 0.503952 0.381722 0.705128 0.587911 0.901539 0.209888 0.063409 0.734621 0.189735 0.562063 0.442761 0.435602 0.202641 0.439187 0.013517 0.769140 0.856027 0.092857 0.125865 0.763634 0.544812 0.924653 0.690731 0.437712 0.197578 0.279858 0.296646 0.009061 0.195799 0.889429 0.383046 0.565646 0.205632 0.953173 0.303539 0.801921 0.413661 0.895201 0.914277 0.760431 0.400189 0.056473 0.938269 0.892159 0.140260 0.012870 0.246989 0.589948 0.129776 0.523499 0.502932 0.951094 0.806749 0.433245 0.155703 0.359295 0.422176 0.039448 0.525292 0.243667 0.988543 0.084627 0.128648 0.534911 0.494313 0.242285 0.670542 0.862327 0.943132 0.199547 0.453025 0.280412 0.520101 0.261806 0.864878 0.093135 0.540190 0.947872 0.213888 0.347461 0.226449 0.092637 0.761600 0.082738 0.127436 0.117917 0.204527 0.866409 0.926813 0.650197 0.884235 0.223088 0.165080 0.220784 0.427184 0.916860 0.980086 0.826323 0.188825
0.982702 0.909314 0.848958 0.420178 0.268718 0.503470 0.024977 0.838347 0.531042 0.159771 0.964260 0.719475 0.703336 0.609175 0.837751 0.022053 0.788010 0.715767 0.469581 0.299787 0.066089 0.888211 0.096694 0.425570 0.878662 0.345934 0.369318 0.173426 0.815930 0.073587 0.604875 0.931634 0.149672 0.308057 0.996914 0.756620 0.018589 0.471036 0.729991 0.955225 0.341080 0.983004 0.801896 0.172418 0.140090 0.296935 0.281476 0.164723 0.923470 0.179560 0.377847 0.984402 0.769987 0.627636 0.745382 0.641990 0.856202 0.869078 0.503953 0.537811 0.592103 0.608808 0.218793 0.738350 0.955895 0.818936 0.421513 0.878361 0.872021 0.823385 0.208843 0.842165 0.296627 0.662084 0.347997 0.088571 0.192658 0.592164 0.877321 0.179947 0.144917 0.273662 0.680837 0.787380 0.458169 0.621702 0.056398 0.158388 0.849592 0.881193 0.815642 0.349389 0.454352 0.502547 0.750664 0.041863 0.094934 0.558686 0.386296 0.412695
0.892110 0.562411 0.075550 0.325758 0.882905 0.152069 0.681487 0.736052 0.642288 0.708377 0.743064 0.170431 0.232065 0.303627 0.477540 0.141688 0.361350 0.777960 0.294706 0.484919 0.150050 0.397628 0.327942 0.636897 0.911497 0.165961 0.264886 0.107496 0.563882 0.398569 0.565096 0.882915 0.248806 0.581070 0.183714 0.156430 0.174396 0.827841 0.883590 0.806078 0.263054 0.626847 0.132510 0.190610 0.380108 0.085787 0.453255 0.767880 0.735864 0.726589 0.232128 0.338223 0.175344 0.358922 0.722528 0.213934 0.244654 0.275827 0.224635 0.215417 0.084360 0.861691 0.439140 0.498752 0.623401 0.896685 0.945327 0.538967 0.933566 0.005268 0.487370 0.145496 0.429325 0.244199 0.719616 0.757053 0.525926 0.830751 0.052119 0.465588 0.185709 0.204814 0.071099 0.184853 0.101595 0.588717 0.238741 0.299394 0.141599 0.268517 0.503967 0.010522 0.190989 0.210003 0.300798 0.208368 0.056968 0.139010 0.495859 0.168609
0.473668 0.150927 0.725356 0.240752 0.669817 0.146673 0.888484 0.550864 0.879491 0.480335 0.126409 0.523566 0.974216 0.712501 0.186490 0.507919 0.494342 0.453582 0.976459 0.606855 0.823419 0.430442 0.313486 0.010842 0.330268 0.894507 0.644750 0.762721 0.063685 0.150931 0.209017 0.730940 0.126318 0.930622 0.058220 0.746918 0.761629 0.383501 0.961826 0.208496 0.716049 0.745609 0.454394 0.972799 0.269928 0.947015 0.704050 0.976432 0.369108 0.018292 0.111499 0.661209 0.401688 0.447324 0.285126 0.873189 0.375078 0.523899 0.777041 0.531871 0.913549 0.948448 0.982438 0.833503 0.731416 0.480635 0.449295 0.287567 0.285843 0.470718 0.027318 0.561282 0.852649 0.545100 0.083601 0.924966 0.319072 0.092269 0.210731 0.918956 0.044588 0.186990 0.046147 0.078818 0.193834 0.917539 0.709258 0.458675 0.545326 0.412526 0.368947 0.508736 0.993395 0.403501 0.452437 0.322383 0.393871 0.297048 0.340046 0.652682
0.627949 0.743610 0.993238 0.838596 0.128704 0.407375 0.658946 0.115913 0.720665 0.812140 0.064339 0.219059 0.304489 0.681624 0.409080 0.872471 0.409694 0.961430 0.133656 0.466511 0.093406 0.671716 0.372676 0.695207 0.592450 0.743859 0.158579 0.728115 0.540028 0.196009 0.688965 0.684938 0.141311 0.213586 0.450059 0.338694 0.204707 0.604653 0.547978 0.339756 0.016215 0.034332 0.374028 0.820582 0.163717 0.629186 0.308514 0.214646 0.162457 0.512224 0.637661 0.467870 0.251540 0.972483 0.157974 0.124834 0.029081 0.766181 0.329622 0.908840 0.391307 0.319441 0.629800 0.645417 0.916377 0.486311 0.207038 0.406864 0.596957 0.254332 0.402259 0.523506 0.497430 0.481007 0.399774 0.544271 0.837164 0.285023 0.470246 0.124205 0.425170 0.930298 0.522504 0.624745 0.568806 0.397786 0.120519 0.507956 0.867987 0.214721 0.810857 0.301813 0.839836 0.307559 0.846323 0.674194 0.979472 0.783029 0.647257 0.354707
0.838220 0.314408 0.947469 0.526392 0.937200 0.914745 0.455901 0.660376 0.589070 0.619876 0.604678 0.668985 0.683031 0.324665 0.557830 0.520017 0.014128 0.330376 0.798589 0.219267 0.698098 0.592173 0.106132 0.345484 0.526555 0.325168 0.505122 0.694955 0.395209 0.126909 0.743855 0.994478 0.264635 0.077162 0.386019 0.588638 0.032662 0.239958 0.076522 0.285986 0.513150 0.740058 0.162059 0.120290 0.154454 0.007088 0.475679 0.755846 0.949669 0.259294 0.979179 0.082965 0.884897 0.814656 0.085292 0.084948 0.825671 0.019944 0.443750 0.259022 0.326400 0.900304 0.309576 0.873452 0.124577 0.242042 0.579189 0.336866 0.353619 0.277985 0.583307 0.134123 0.993907 0.701151 0.186334 0.187326 0.655104 0.004650 0.032100 0.553366 0.190458 0.519277 0.999337 0.476442 0.483981 0.281596 0.138883 0.941989 0.834472 0.759741 0.557617 0.478277 0.780733 0.091559 0.684130 0.418977 0.862793 0.648331 0.718419 0.533064
0.464181 0.823397 0.517755 0.397396 0.539624 0.136672 0.629134 0.402380 0.938098 0.699320 0.133912 0.865417 0.728963 0.896431 0.094741 0.728256 0.153808 0.915339 0.055298 0.137219 0.686644 0.581324 0.834818 0.201500 0.596355 0.381347 0.756449 0.954713 0.396448 0.360286 0.707677 0.909571 0.820837 0.195405 0.563568 0.547381 0.040794 0.550574 0.626536 0.958641 0.469146 0.916461 0.380636 0.389925 0.350870 0.254540 0.377228 0.543014 0.530133 0.997561 0.617808 0.820549 0.240124 0.686580 0.027959 0.370556 0.211789 0.563443 0.668799 0.785071 0.030070 0.587511 0.091804 0.836441 0.020234 0.073046 0.950925 0.941351 0.457683 0.536261 0.634893 0.300830 0.361293 0.749385 0.541228 0.557764 0.913374 0.692551 0.940295 0.662083 0.441218 0.976525 0.423190 0.985277 0.614412 0.294405 0.613693 0.359361 0.964140 0.459174 0.934340 0.581638 0.200161 0.931354 0.944577 0.902872 0.524407 0.991904 0.683357 0.550131
0.985975 0.022652 0.708936 0.821136 0.181189 0.363809 0.901287 0.758351 0.182581 0.949358 0.459618 0.504871 0.172713 0.717577 0.041623 0.125966 0.270700 0.582948 0.022182 0.188112 0.559109 0.719811 0.035684 0.570792 0.140053 0.359413 0.250502 0.053269 0.780097 0.625026 0.250004 0.268420 0.700417 0.934959 0.399111 0.947105 0.198921 0.887606 0.247592 0.134784 0.409132 0.926712 0.044014 0.447099 0.589067 0.293897 0.032490 0.891724 0.020504 0.129338 0.389011 0.512419 0.593863 0.606798 0.827506 0.469339 0.619848 0.071515 0.129590 0.229640 0.886653 0.756423 0.791390 0.676047 0.681519 0.809293 0.452033 0.536460 0.488112 0.696944 0.622508 0.769932 0.855854 0.797352 0.006428 0.738461 0.393481 0.584194 0.674645 0.141624 0.370095 0.407234 0.900648 0.281953 0.708421 0.066592 0.618714 0.357641 0.846759 0.153871 0.982529 0.071234 0.731312 0.571225 0.119256 0.926888 0.830869 0.871143 0.382313 0.705490
0.243835 0.704470 0.884674 0.297658 0.189441 0.760139 0.340686 0.829422 0.169336 0.550710 0.829895 0.328901 0.864494 0.711618 0.569412 0.668772 0.689840 0.158622 0.890305 0.849335 0.100131 0.167797 0.935909 0.585560 0.165088 0.648054 0.655912 0.778053 0.776642 0.469404 0.971183 0.649996 0.287948 0.993801 0.168064 0.916070 0.464444 0.347249 0.969693 0.747469 0.461804 0.125420 0.092345 0.976890 0.772340 0.702485 0.713807 0.648065 0.159585 0.315357 0.713672 0.753259 0.368588 0.363705 0.711219 0.179461 0.930528 0.397836 0.158706 0.873642 0.598086 0.080519 0.769298 0.208240 0.985529 0.736464 0.952950 0.519992 0.749011 0.771104 0.577984 0.814240 0.576521 0.137394 0.281902 0.408977 0.410786 0.696995 0.600230 0.252882 0.300537 0.443179 0.280685 0.576515 0.780219 0.566284 0.540050 0.791124 0.809674 0.112901 0.436946 0.771251 0.851227 0.862454 0.708133 0.145758 0.188190 0.640059 0.639952 0.502553
0.502147 0.873739 0.982376 0.405134 0.530037 0.143863 0.834276 0.525747 0.287429 0.433174 0.517320 0.634957 0.926208 0.345089 0.766290 0.544229 0.024819 0.709570 0.636122 0.495246 0.778934 0.236394 0.413298 0.047610 0.028348 0.277687 0.773260 0.878991 0.404085 0.381410 0.286188 0.413367 0.422738 0.749295 0.909082 0.227708 0.345250 0.011065 0.729028 0.468555 0.112124 0.101808 0.394324 0.012840 0.043880 0.991085 0.385745 0.613970 0.793350 0.382016 0.544179 0.910276 0.665772 0.366791 0.446006 0.009792 0.970824 0.744076 0.044814 0.503003 0.161645 0.636174 0.372383 0.457438 0.526521 0.695313 0.968132 0.168351 0.771829 0.618131 0.765163 0.528877 0.157635 0.205140 0.189827 0.412511 0.046848 0.938922 0.635825 0.044298 0.461137 0.363973 0.659254 0.641255 0.544990 0.383198 0.534269 0.234684 0.919504 0.647306 0.716848 0.464917 0.145666 0.815252 0.013697 0.474052 0.487132 0.915348 0.431023 0.347164
0.099496 0.783241 0.127150 0.068232 0.799490 0.309553 0.016834 0.123121 0.812674 0.417381 0.439060 0.086303 0.101233 0.530149 0.083267 0.342839 0.038623 0.766327 0.180754 0.904555 0.433783 0.674434 0.770055 0.958180 0.659608 0.364170 0.183205 0.162587 0.248337 0.614503 0.075734 0.004995 0.702146 0.177409 0.772508 0.834509 0.025354 0.518569 0.837298 0.496489 0.356135 0.136679 0.963748 0.642998 0.103535 0.615710 0.783579 0.793078 0.573502 0.003809 0.702568 0.884523 0.233918 0.786636 0.794620 0.459204 0.048193 0.094740 0.265822 0.515925 0.240435 0.746316 0.029716 0.878465 0.225672 0.401591 0.737133 0.855834 0.620585 0.777046 0.122152 0.101380 0.141384 0.714943 0.683165 0.950276 0.297213 0.602010 0.708451 0.980267 0.589076 0.536350 0.610911 0.582423 0.588807 0.058057 0.930068 0.110439 0.508814 0.430592 0.049383 0.065399 0.560640 0.544423 0.049834 0.090635 0.428883 0.036907 0.924383 0.044479
0.708061 0.189506 0.127118 0.147669 0.297485 0.212238 0.390441 0.878369 0.897477 0.181169 0.122684 0.420518 0.473027 0.487531 0.589630 0.555836 0.845851 0.470013 0.371362 0.464500 0.388641 0.946637 0.883145 0.984751 0.502417 0.086078 0.466496 0.957942 0.115075 0.797075 0.200262 0.781855 0.303790 0.536774 0.368527 0.654199 0.264053 0.475991 0.675212 0.420218 0.063558 0.451403 0.572658 0.895056 0.501705 0.266092 0.002365 0.185350 0.419022 0.516447 0.571234 0.129216 0.142267 0.358213 0.995221 0.960263 0.869890 0.478949 0.036569 0.022678 0.760653 0.235829 0.772292 0.093136 0.101554 0.412096 0.363937 0.810674 0.423789 0.987550 0.774555 0.322196 0.865691 0.332019 0.973708 0.561737 0.052060 0.741256 0.398760 0.318530 0.386202 0.219747 0.538371 0.033211 0.279165 0.535534 0.755481 0.621760 0.977871 0.957142 0.812172 0.669199 0.089039 0.045458 0.237018 0.032700 0.608011 0.889631 0.136519 0.834324
0.173122 0.509610 0.607695 0.800799 0.544552 0.656384 0.298371 0.128332 0.626400 0.759409 0.040694 0.365322 0.260201 0.841728 0.347363 0.066271 0.261516 0.690286 0.889435 0.767810 0.684046 0.049542 0.062279 0.374241 0.029368 0.621015 0.929741 0.953778 0.135277 0.178245 0.990102 0.110251 0.287346 0.907273 0.989938 0.335213 0.279074 0.569022 0.522530 0.165890 0.420327 0.025701 0.288776 0.232777 0.806413 0.281367 0.370515 0.719757 0.300132 0.080300 0.816877 0.319718 0.085459 0.754078 0.808725 0.193899 0.956422 0.315475 0.333199 0.022775 0.091255 0.366929 0.774370 0.869997 0.828970 0.957141 0.090663 0.115277 0.907398 0.403461 0.504863 0.012183 0.783896 0.858772 0.472275 0.914340 0.274011 0.421944 0.726588 0.568432 0.120179 0.427571 0.278012 0.296762 0.495793 0.600840 0.998265 0.945191 0.429264 0.177731 0.793038 0.032174 0.136904 0.508720 0.987655 0.539521 0.776700 0.813844 0.971993 0.674259
0.453557 0.900040 0.947740 0.151822 0.801802 0.958589 0.922112 0.349519 0.516544 0.436098 0.966175 0.727354 0.030236 0.912667 0.404288 0.560269 0.772223 0.094678 0.650456 0.593920 0.855522 0.065055 0.553750 0.051671 0.451680 0.128092 0.116418 0.972690 0.419712 0.406040 0.527429 0.591335 0.347572 0.797213 0.914635 0.898871 0.074808 0.104111 0.533184 0.629589 0.716651 0.560151 0.416869 0.708802 0.452892 0.683923 0.079694 0.986157 0.228652 0.265947 0.374798 0.758083 0.343915 0.293286 0.477120 0.530201 0.748842 0.342770 0.208585 0.310389 0.469604 0.775730 0.617921 0.263791 0.632192 0.744612 0.840116 0.139829 0.834505 0.801424 0.440269 0.926033 0.731775 0.279932 0.779005 0.299855 0.923487 0.265588 0.869138 0.664995 0.022669 0.400629 0.349926 0.145883 0.767671 0.415518 0.557153 0.605899 0.064696 0.377164 0.029555 0.477224 0.875390 0.432324 0.924417 0.520669 0.952799 0.153365 0.055570 0.121301
0.080387 0.738679 0.514782 0.167808 0.547698 0.476052 0.907117 0.694985 0.198239 0.916937 0.204558 0.616415 0.387161 0.552840 0.308327 0.648694 0.378619 0.465765 0.375925 0.219676 0.341093 0.990494 0.187232 0.884378 0.664446 0.795222 0.461789 0.448577 0.100301 0.222130 0.673072 0.342418 0.542566 0.190218 0.068657 0.354075 0.386011 0.741402 0.152845 0.248479 0.218308 0.620588 0.461718 0.779280 0.389737 0.100066 0.975521 0.033354 0.333204 0.757607 0.928385 0.105929 0.617305 0.971150 0.085697 0.579172 0.016743 0.547418 0.133290 0.035614 0.673848 0.613563 0.340000 0.249978 0.705021 0.316455 0.842044 0.881487 0.124906 0.257063 0.275862 0.315278 0.920903 0.646396 0.622632 0.371827 0.392177 0.834000 0.129567 0.608909 0.148330 0.002976 0.952213 0.864847 0.168763 0.183916 0.615550 0.617667 0.697442 0.469160 0.246433 0.716536 0.127191 0.696227 0.366299 0.645429 0.714165 0.335337 0.778896 0.500206
0.624153 0.952492 0.135483 0.061484 0.501197 0.881152 0.646586 0.942171 0.391690 0.125060 0.958647 0.090800 0.384350 0.068852 0.163777 0.983927 0.094711 0.227931 0.576998 0.970357 0.443602 0.236895 0.988241 0.638163 0.111937 0.814322 0.176951 0.495622 0.162306 0.970356 0.254338 0.109130 0.220817 0.236967 0.926957 0.144172 0.336781 0.427936 0.618420 0.897844 0.460647 0.465062 0.223467 0.364477 0.999209 0.333944 0.038294 0.656448 0.208159 0.509584 0.404235 0.793586 0.911715 0.323099 0.853843 0.979634 0.896697 0.967162 0.677935 0.694847 0.647048 0.240502 0.653052 0.321519 0.375273 0.932131 0.524527 0.753224 0.602043 0.304789 0.957410 0.859087 0.901129 0.030446 0.397763 0.597467 0.795483 0.092260 0.389431 0.940670 0.950460 0.011062 0.484127 0.099728 0.910644 0.899580 0.913775 0.941060 0.068967 0.911304 0.504883 0.894426 0.728401 0.343254 0.056081 0.049473 0.310018 0.675662 0.167566 0.015723
0.623206 0.731515 0.856494 0.842020 0.185282 0.855002 0.491889 0.874974 0.261640 0.292911 0.406682 0.347272 0.239301 0.922341 0.819787 0.345858 0.496064 0.625793 0.251490 0.639847 0.969089 0.625625 0.019581 0.197980 0.596135 0.941838 0.241714 0.039766 0.905818 0.594694 0.200791 0.354958 0.698661 0.590623 0.266815 0.329557 0.748922 0.339269 0.336374 0.302257 0.970746 0.222457 0.352830 0.382693 0.482198 0.167074 0.852079 0.236196 0.672814 0.959483 0.958813 0.931251 0.011750 0.676977 0.969423 0.350027 0.523754 0.002431 0.563195 0.864271 0.840147 0.852208 0.974109 0.524372 0.905419 0.830348 0.382777 0.205792 0.474454 0.398271 0.682641 0.926246 0.493408 0.071588 0.273132 0.883115 0.442840 0.235086 0.720891 0.427815 0.061898 0.569587 0.991193 0.203396 0.983883 0.053909 0.295001 0.363679 0.786721 0.153220 0.523175 0.707809 0.649137 0.156304 0.423162 0.584947 0.245711 0.975433 0.893219 0.159758
0.965655 0.437453 0.551854 0.126985 0.709675 0.518213 0.844376 0.294170 0.416938 0.549908 0.009653 0.378070 0.949970 0.421284 0.799246 0.147685 0.580735 0.736247 0.546700 0.622753 0.518414 0.262845 0.868820 0.545681 0.597435 0.879698 0.235965 0.146860 0.225365 0.247712 0.612346 0.613411 0.056961 0.212136 0.457676 0.410687 0.086755 0.303496 0.886000 0.139744 0.462390 0.414683 0.344693 0.018417 0.877338 0.546208 0.927237 0.349953 0.652764 0.163115 0.029502 0.306294 0.592132 0.070315 0.423542 0.436194 0.915249 0.718065 0.474999 0.519420 0.851924 0.060822 0.557771 0.877364 0.071457 0.200887 0.276968 0.726973 0.381564 0.061935 0.388215 0.855369 0.951597 0.399186 0.454259 0.065701 0.787261 0.842777 0.349524 0.639469 0.737774 0.483680 0.325958 0.050245 0.239060 0.666634 0.166821 0.909451 0.782740 0.574285 0.500114 0.924789 0.353466 0.857694 0.272452 0.072280 0.959467 0.099882 0.762053 0.317206
0.859868 0.014256 0.854882 0.633351 0.383805 0.446602 0.078154 0.299907 0.885666 0.242872 0.854562 0.144789 0.117306 0.941813 0.503901 0.174115 0.113797 0.836120 0.721728 0.925103 0.989656 0.107069 0.559139 0.654146 0.969121 0.602707 0.861759 0.594461 0.396990 0.581332 0.241410 0.975510 0.023386 0.658408 0.457173 0.409342 0.183555 0.732804 0.461762 0.322650 0.907820 0.857773 0.846361 0.325122 0.873625 0.203716 0.844512 0.086097 0.074359 0.125941 0.206390 0.138034 0.407076 0.639810 0.927852 0.606283 0.159849 0.452394 0.187297 0.653301 0.566247 0.124380 0.501137 0.963774 0.728179 0.656334 0.784056 0.485076 0.728980 0.696994 0.407198 0.874381 0.784281 0.763171 0.687453 0.903811 0.283585 0.140875 0.955181 0.803397 0.649762 0.671096 0.400937 0.836911 0.757629 0.045207 0.705497 0.497205 0.372443 0.171671 0.171931 0.883707 0.313593 0.248699 0.316491 0.502482 0.894037 0.427077 0.871687 0.071785
0.746930 0.947260 0.721385 0.657930 0.548155 0.735058 0.237029 0.489479 0.647852 0.280730 0.183087 0.861873 0.488048 0.052804 0.736173 0.010292 0.657956 0.105076 0.347172 0.270032 0.074547 0.096809 0.047838 0.385481 0.481637 0.942810 0.884880 0.893875 0.435652 0.929473 0.256918 0.372863 0.644831 0.324736 0.538440 0.028439 0.470514 0.384843 0.761412 0.031184 0.826806 0.810202 0.077879 0.191609 0.214509 0.853781 0.584902 0.317127 0.836686 0.954850 0.178832 0.522785 0.895544 0.878875 0.750754 0.340483 0.600330 0.188984 0.046216 0.293410 0.577854 0.168742 0.910433 0.259790 0.572892 0.164053 0.984488 0.635375 0.486181 0.373923 0.025484 0.728421 0.938031 0.418350 0.565647 0.674857 0.896895 0.782282 0.619654 0.886276 0.550174 0.532542 0.344937 0.988632 0.276253 0.763831 0.130667 0.621775 0.538117 0.437044 0.668756 0.814531 0.122362 0.452108 0.134229 0.131280 0.584662 0.422240 0.330624 0.616194
0.117220 0.943555 0.388398 0.418102 0.831979 0.830233 0.036933 0.781648 0.798520 0.398327 0.851032 0.469656 0.970012 0.030979 0.636093 0.322456 0.769858 0.462809 0.069079 0.823102 0.267490 0.276258 0.455140 0.636632 0.653118 0.235858 0.895192 0.334366 0.405060 0.201092 0.458401 0.366413 0.589381 0.518023 0.458781 0.469030 0.942743 0.689837 0.327214 0.185337 0.712550 0.730840 0.291663 0.191288 0.362812 0.370495 0.972397 0.004821 0.465679 0.984247 0.265669 0.363247 0.600502 0.307258 0.905550 0.152381 0.170286 0.877425 0.884783 0.006897 0.773130 0.470927 0.664934 0.342653 0.935466 0.796267 0.721896 0.605446 0.882009 0.966014 0.861453 0.783794 0.933471 0.226737 0.412028 0.641258 0.450316 0.717237 0.880218 0.629936 0.836151 0.417467 0.518691 0.545765 0.600111 0.659166 0.786039 0.003456 0.954761 0.233752 0.776946 0.074207 0.266444 0.998809 0.015937 0.741428 0.980201 0.441161 0.232328 0.333189
0.995646 0.070081 0.375706 0.613908 0.736884 0.527106 0.277178 0.969182 0.055585 0.138705 0.908742 0.543835 0.204418 0.738197 0.226471 0.841743 0.625781 0.966273 0.174611 0.122313 0.690282 0.723069 0.926666 0.748149 0.263077 0.154841 0.694462 0.312275 0.051069 0.730230 0.977467 0.290610 0.688179 0.992137 0.662172 0.360761 0.473289 0.947588 0.435480 0.766825 0.172709 0.474421 0.087393 0.303525 0.578139 0.589108 0.154655 0.095871 0.548063 0.477262 0.459835 0.865654 0.000619 0.057934 0.156137 0.173114 0.414661 0.996677 0.230685 0.004688 0.811722 0.023947 0.310579 0.652742 0.073670 0.923351 0.210697 0.283225 0.659282 0.749964 0.360030 0.659886 0.288892 0.883401 0.965084 0.220527 0.176378 0.066173 0.022700 0.405266 0.093452 0.129094 0.324648 0.395693 0.798385 0.066731 0.417808 0.507725 0.196048 0.341933 0.227372 0.819044 0.144165 0.138354 0.372488 0.586361 0.379077 0.844896 0.481206 0.798175
0.326324 0.097191 0.731297 0.324708 0.773332 0.226455 0.517186 0.861035 0.649181 0.750721 0.678897 0.185289 0.642386 0.043596 0.748908 0.387862 0.423096 0.792302 0.634828 0.069428 0.042293 0.091841 0.449666 0.979399 0.926960 0.091439 0.850557 0.950878 0.145641 0.557201 0.633622 0.379682 0.700873 0.399760 0.460988 0.053133 0.911557 0.767232 0.615720 0.321271 0.934211 0.205993 0.294084 0.565974 0.703796 0.395511 0.704631 0.795612 0.951868 0.252902 0.861028 0.056547 0.577513 0.024687 0.240314 0.903408 0.156309 0.513644 0.188295 0.088342 0.982116 0.766432 0.123532 0.959028 0.691957 0.389397 0.990332 0.118779 0.105105 0.742247 0.539796 0.902558 0.835813 0.909105 0.100025 0.280617 0.356111 0.129826 0.146182 0.139659 0.273726 0.808336 0.311822 0.470184 0.493291 0.227708 0.473390 0.088780 0.535876 0.465227 0.752639 0.702928 0.103201 0.052090 0.257186 0.236541 0.125175 0.089610 0.896668 0.037308
0.176622 0.156108 0.274316 0.476865 0.843935 0.022090 0.457986 0.301512 0.246517 0.089405 0.712516 0.060238 0.079513 0.029992 0.113839 0.842610 0.610077 0.024205 0.677472 0.852896 0.095733 0.746382 0.293727 0.411573 0.706321 0.190477 0.694685 0.004578 0.660173 0.808516 0.387123 0.725561 0.563722 0.357656 0.116449 0.266358 0.287283 0.705979 0.930300 0.326116 0.086733 0.745093 0.547516 0.997724 0.369349 0.373832 0.670009 0.508587 0.390595 0.614496 0.080252 0.835482 0.416087 0.327673 0.962419 0.061510 0.145882 0.860990 0.966467 0.202322 0.997385 0.808379 0.903094 0.877038 0.421272 0.757560 0.214508 0.321273 0.570805 0.182116 0.934973 0.312225 0.531883 0.364303 0.228586 0.830955 0.487958 0.137869 0.356520 0.418071 0.044457 0.649938 0.543712 0.614935 0.141087 0.843602 0.649657 0.493839 0.943609 0.702525 0.643726 0.985724 0.594838 0.619896 0.633268 0.624990 0.670482 0.672619 0.921973 0.303996
0.178660 0.770650 0.612478 0.665879 0.052219 0.657485 0.097782 0.865732 0.138167 0.159641 0.285169 0.928716 0.920568 0.874016 0.198910 0.734390 0.999892 0.983885 0.779033 0.623118 0.387303 0.701363 0.417043 0.780514 0.351805 0.682561 0.453443 0.738404 0.543392 0.773581 0.339980 0.884902 0.591563 0.571024 0.213403 0.608084 0.879307 0.465633 0.932504 0.600172 0.750881 0.191788 0.189443 0.873399 0.715038 0.596491 0.748175 0.578931 0.194461 0.275217 0.920339 0.930629 0.300133 0.818834 0.337770 0.792304 0.511246 0.237776 0.955232 0.857119 0.309382 0.586852 0.458090 0.004788 0.538539 0.758465 0.911144 0.198985 0.734172 0.358088 0.811785 0.838470 0.444680 0.062835 0.820548 0.060151 0.563479 0.309052 0.283958 0.999455 0.966519 0.599582 0.678927 0.987050 0.862875 0.173880 0.817937 0.245082 0.605861 0.192023 0.849252 0.932832 0.514553 0.398511 0.153664 0.770773 0.890906 0.460340 0.011707 0.647310
0.235056 0.920055 0.411195 0.231409 0.278873 0.303251 0.095181 0.546557 0.981102 0.730606 0.992335 0.602115 0.304172 0.151626 0.397207 0.067687 0.742159 0.958230 0.563751 0.975503 0.446709 0.648253 0.906903 0.615920 0.951290 0.628833 0.561291 0.913072 0.285554 0.701695 0.491770 0.289899 0.997482 0.392756 0.872748 0.226181 0.322307 0.523294 0.468178 0.032705 0.021215 0.229153 0.254319 0.462763 0.287754 0.756195 0.144840 0.444355 0.418620 0.781128 0.040537 0.349021 0.714768 0.893537 0.973476 0.996425 0.614739 0.288578 0.471172 0.622814 0.725882 0.786773 0.869240 0.697685 0.510705 0.084429 0.255026 0.023139 0.677162 0.898252 0.541222 0.618360 0.160663 0.147537 0.357042 0.155927 0.496924 0.872873 0.369492 0.982567 0.500297 0.786932 0.997426 0.000776 0.534491 0.462200 0.372413 0.123466 0.089296 0.322431 0.989764 0.353712 0.522101 0.422129 0.280458 0.173052 0.750831 0.055974 0.707720 0.040444
0.987964 0.394445 0.581155 0.962711 0.647189 0.428785 0.642772 0.243704 0.312302 0.627219 0.114279 0.198629 0.978490 0.434276 0.874229 0.233992 0.873829 0.528799 0.187194 0.229724 0.714835 0.446282 0.790858 0.147847 0.282373 0.874353 0.040101 0.449857 0.195411 0.008221 0.125110 0.776510 0.959381 0.827583 0.602449 0.847629 0.638295 0.937653 0.505284 0.974352 0.245771 0.041772 0.126369 0.109670 0.479911 0.253178 0.197286 0.948511 0.647893 0.245525 0.605283 0.525572 0.301941 0.461566 0.029257 0.698915 0.505911 0.736853 0.293682 0.066059 0.044137 0.886771 0.958567 0.805629 0.501012 0.760453 0.242141 0.519482 0.588661 0.249775 0.446343 0.579092 0.923985 0.669534 0.949679 0.366547 0.389958 0.593687 0.593623 0.898839 0.370862 0.720686 0.298159 0.521993 0.878359 0.532284 0.697257 0.480978 0.257221 0.565356 0.025234 0.744224 0.595358 0.960882 0.908836 0.485523 0.544735 0.450155 0.296403 0.438045
0.738567 0.520860 0.518651 0.007831 0.376434 0.113663 0.072405 0.499013 0.194302 0.202128 0.078605 0.133351 0.620541 0.340459 0.897539 0.312663 0.753801 0.086356 0.532647 0.443585 0.603620 0.081217 0.593205 0.842844 0.169486 0.119583 0.826005 0.048171 0.108636 0.815326 0.461700 0.398008 0.245958 0.030606 0.843870 0.153858 0.761916 0.889283 0.840095 0.661629 0.465425 0.850731 0.861911 0.934182 0.345267 0.832150 0.904201 0.628868 0.880544 0.950734 0.657774 0.007896 0.661395 0.888959 0.753465 0.331508 0.986896 0.672171 0.981908 0.326044 0.654584 0.737145 0.647387 0.432274 0.533068 0.887161 0.100375 0.597108 0.798394 0.139668 0.231537 0.519379 0.288563 0.721652 0.669347 0.364331 0.264508 0.684946 0.056753 0.196928 0.262725 0.774339 0.928074 0.033561 0.077600 0.858849 0.720805 0.309427 0.909596 0.109794 0.520480 0.604315 0.901900 0.310972 0.379871 0.481277 0.627097 0.551757 0.724866 0.066005
0.470693 0.404591 0.570208 0.833539 0.338710 0.334617 0.962628 0.796075 0.052709 0.425953 0.327996 0.138551 0.891561 0.712267 0.757354 0.193004 0.121587 0.109070 0.279577 0.630850 0.985291 0.405744 0.531276 0.743207 0.265302 0.457396 0.795818 0.167080 0.380611 0.773068 0.694612 0.307258 0.219781 0.907446 0.198899 0.831476 0.609546 0.994622 0.231795 0.970809 0.264098 0.520717 0.412646 0.132526 0.418019 0.444557 0.369458 0.482892 0.547005 0.198477 0.613228 0.251548 0.215453 0.713911 0.677408 0.384635 0.008982 0.475284 0.453728 0.098123 0.925003 0.394222 0.682473 0.451011 0.887026 0.144003 0.225805 0.526068 0.286656 0.436029 0.081094 0.027204 0.324582 0.813639 0.221834 0.782829 0.144598 0.093063 0.080490 0.649117 0.954133 0.431029 0.134890 0.625947 0.293510 0.323046 0.651195 0.821384 0.467101 0.578402 0.029404 0.146675 0.797493 0.507393 0.404456 0.656852 0.608612 0.418221 0.719429 0.992409
0.070410 0.209154 0.621650 0.044551 0.879231 0.872656 0.017107 0.823645 0.404698 0.762554 0.975846 0.874709 0.556942 0.497272 0.712554 0.209921 0.253283 0.014603 0.180632 0.066982 0.339698 0.080274 0.872645 0.486518 0.385349 0.583788 0.591305 0.657481 0.815871 0.361535 0.177632 0.726937 0.469983 0.744171 0.030021 0.398693 0.172433 0.438450 0.234215 0.795376 0.779448 0.592090 0.173801 0.239455 0.257958 0.077176 0.442810 0.008876 0.046420 0.298719 0.613092 0.973084 0.385480 0.912906 0.666521 0.499650 0.451502 0.995746 0.032658 0.428121 0.492533 0.549765 0.585015 0.283990 0.943120 0.756278 0.413404 0.686971 0.835862 0.756445 0.903110 0.856359 0.045736 0.199014 0.350224 0.733462 0.780000 0.810508 0.042884 0.016894 0.462869 0.055773 0.923696 0.773060 0.443453 0.607087 0.198868 0.905483 0.792867 0.497546 0.903280 0.694476 0.616970 0.663137 0.565525 0.656764 0.930444 0.329302 0.396418 0.987435
0.782767 0.932525 0.159587 0.091681 0.119266 0.941313 0.956654 0.002719 0.546979 0.957825 0.544462 0.631591 0.706973 0.400974 0.072042 0.823445 0.488157 0.023075 0.513324 0.173557 0.101206 0.727993 0.826373 0.143866 0.995502 0.828659 0.582009 0.911875 0.218361 0.679413 0.631522 0.924721 0.951947 0.642246 0.985269 0.829990 0.727625 0.806572 0.836030 0.834212 0.740099 0.748999 0.202196 0.704204 0.743446 0.142113 0.580476 0.099984 0.292795 0.728429 0.029472 0.082171 0.430320 0.201332 0.804460 0.346967 0.836623 0.091348 0.243281 0.051667 0.958084 0.500290 0.818160 0.122252 0.093647 0.838144 0.147866 0.329106 0.393783 0.176642 0.151072 0.014184 0.315610 0.253296 0.654733 0.546096 0.294222 0.363086 0.932409 0.021490 0.639085 0.865663 0.135189 0.300292 0.857096 0.658710 0.752114 0.431683 0.066424 0.994350 0.512317 0.186523 0.650642 0.961861 0.166860 0.025009 0.552140 0.604892 0.740950 0.778151
0.995544 0.506770 0.405385 0.266533 0.079528 0.712110 0.659364 0.170333 0.537678 0.669684 0.670378 0.121591 0.018763 0.322177 0.136560 0.499559 0.320414 0.512026 0.453238 0.376164 0.791255 0.536919 0.815642 0.563499 0.325626 0.437337 0.860735 0.296744 0.810819 0.716794 0.504864 0.804071 0.240667 0.935278 0.985373 0.607666 0.134849 0.218554 0.401157 0.890955 0.448301 0.477321 0.786988 0.126489 0.408568 0.668189 0.903016 0.717445 0.525752 0.053408 0.643743 0.596167 0.549684 0.059513 0.404024 0.567013 0.184497 0.775561 0.682175 0.120471 0.619376 0.887077 0.168162 0.052376 0.583223 0.686793 0.894013 0.702747 0.476705 0.633210 0.370090 0.177833 0.434873 0.867327 0.724977 0.936959 0.471900 0.954989 0.881637 0.079226 0.447007 0.072328 0.379862 0.353914 0.187172 0.278857 0.770953 0.145109 0.930142 0.784070 0.840838 0.471549 0.468268 0.580255 0.743999 0.264167 0.068254 0.963325 0.342680 0.505233
0.239879 0.250431 0.229384 0.729413 0.361753 0.642522 0.656466 0.935253 0.672302 0.666867 0.753639 0.040024 0.249636 0.632771 0.438020 0.599096 0.593554 0.968236 0.209936 0.957564 0.634163 0.059698 0.730637 0.567860 0.252703 0.586792 0.070334 0.551548 0.644945 0.137976 0.685852 0.487379 0.079316 0.362223 0.887437 0.692459 0.019173 0.025776 0.406203 0.237435 0.710132 0.143257 0.716775 0.310625 0.528227 0.778951 0.696801 0.370727 0.542762 0.022008 0.530963 0.106538 0.493584 0.106772 0.306927 0.385606 0.571654 0.004415 0.605395 0.171232 0.562082 0.409930 0.436990 0.811307 0.295324 0.377233 0.007463 0.604042 0.822432 0.473717 0.072634 0.461693 0.009174 0.134141 0.592935 0.188482 0.304213 0.375610 0.597345 0.905732 0.626416 0.383894 0.290803 0.408527 0.997164 0.457646 0.630029 0.955213 0.482665 0.402004 0.074190 0.957885 0.462138 0.306128 0.997959 0.858637 0.787269 0.940345 0.688630 0.844321
0.213295 0.355645 0.871459 0.812670 0.496799 0.723446 0.651099 0.009886 0.596931 0.927007 0.623177 0.349785 0.801856 0.558387 0.569939 0.887258 0.769686 0.974303 0.951584 0.163172 0.477382 0.578201 0.467271 0.097871 0.380876 0.800837 0.136053 0.843035 0.853214 0.376958 0.517298 0.504630 0.927299 0.634709 0.471827 0.894905 0.698833 0.981536 0.717064 0.953285 0.141909 0.514547 0.949297 0.067403 0.813907 0.893746 0.547714 0.588115 0.129953 0.954616 0.495014 0.581951 0.869544 0.186107 0.339628 0.520463 0.030096 0.902598 0.552824 0.299743 0.140167 0.812239 0.957048 0.358492 0.414560 0.590234 0.807467 0.807600 0.245980 0.429265 0.850155 0.401617 0.386772 0.886524 0.839863 0.279333 0.621943 0.233821 0.317404 0.170524 0.155639 0.527311 0.545722 0.180313 0.431738 0.317940 0.307237 0.143506 0.464893 0.234386 0.687075 0.224542 0.044175 0.105434 0.141836 0.322241 0.499369 0.091575 0.665149 0.124817
0.771687 0.982727 0.362431 0.094273 0.498284 0.819426 0.485694 0.104488 0.925133 0.210535 0.275572 0.985762 0.140860 0.479687 0.687479 0.782253 0.698443 0.181878 0.442856 0.335384 0.096670 0.726103 0.084683 0.596096 0.596129 0.289667 0.026794 0.096230 0.378272 0.865268 0.288354 0.925155 0.124873 0.073161 0.477857 0.983955 0.347248 0.875574 0.343678 0.305264 0.937101 0.895071 0.788712 0.327683 0.697937 0.914628 0.484550 0.514449 0.080726 0.896297 0.905353 0.571486 0.121647 0.885167 0.878455 0.090832 0.633953 0.365901 0.272830 0.951304 0.028592 0.200097 0.064744 0.622865 0.824042 0.623373 0.256857 0.540050 0.194106 0.538607 0.662496 0.952890 0.574669 0.848022 0.694197 0.348731 0.310588 0.332416 0.494466 0.738598 0.342204 0.868179 0.374071 0.395097 0.441315 0.448673 0.332378 0.577266 0.174030 0.152108 0.870458 0.959181 0.755377 0.581681 0.635080 0.903327 0.412269 0.171755 0.348644 0.784066
0.319590 0.950840 0.442737 0.228309 0.439362 0.132518 0.337924 0.999058 0.534141 0.438952 0.963529 0.662587 0.287366 0.768150 0.625917 0.310115 0.693034 0.514660 0.618580 0.528821 0.761566 0.685115 0.926108 0.705390 0.943919 0.646615 0.454924 0.844190 0.759647 0.360109 0.084968 0.503516 0.047758 0.180883 0.896716 0.581594 0.045113 0.039880 0.127991 0.031956 0.282090 0.587670 0.929046 0.237763 0.979241 0.916537 0.654480 0.599225 0.284577 0.921491 0.867639 0.545777 0.203910 0.796840 0.637822 0.516163 0.824481 0.924789 0.314892 0.481258 0.373523 0.688140 0.398319 0.369614 0.629816 0.157095 0.748172 0.224850 0.844940 0.543692 0.474081 0.589187 0.575735 0.482847 0.755343 0.860929 0.369223 0.997122 0.827746 0.811193 0.765649 0.063755 0.294828 0.845598 0.518024 0.759066 0.730827 0.168052 0.334374 0.275337 0.229433 0.483511 0.244757 0.584472 0.854389 0.280808 0.718264 0.136594 0.462481 0.444071
0.448137 0.623370 0.475449 0.878880 0.953797 0.659744 0.593660 0.520627 0.848325 0.494254 0.892286 0.426975 0.764071 0.383908 0.236650 0.321416 0.700707 0.103047 0.600785 0.743428 0.308407 0.057768 0.388285 0.023939 0.081628 0.286467 0.972969 0.655987 0.767982 0.364614 0.809753 0.349743 0.034741 0.029805 0.096910 0.728745 0.087204 0.920888 0.348487 0.951083 0.212255 0.542943 0.399549 0.167304 0.194563 0.761648 0.224971 0.088678 0.970934 0.103015 0.722256 0.440871 0.119962 0.090393 0.270077 0.623359 0.942942 0.151816 0.917903 0.143026 0.108568 0.340567 0.502785 0.030871 0.268312 0.712910 0.647080 0.361242 0.220786 0.732618 0.612672 0.244129 0.086490 0.938894 0.267369 0.562925 0.907627 0.439556 0.729283 0.010133 0.734504 0.336852 0.469182 0.905120 0.138557 0.128301 0.704706 0.368767 0.488384 0.244566 0.382902 0.139884 0.177879 0.836854 0.131213 0.434778 0.968662 0.273847 0.203547 0.260200
0.104794 0.669321 0.517945 0.400477 0.167186 0.071753 0.775454 0.826103 0.635873 0.852622 0.151667 0.048919 0.547327 0.958932 0.067774 0.381529 0.628942 0.272777 0.281551 0.493144 0.911111 0.658543 0.350840 0.919346 0.735823 0.447929 0.482740 0.816382 0.797044 0.702275 0.281015 0.251821 0.095714 0.760204 0.345826 0.440025 0.195570 0.677325 0.829072 0.333179 0.243621 0.411616 0.744432 0.116115 0.034588 0.525494 0.226549 0.379206 0.058987 0.700354 0.169462 0.644535 0.545124 0.904167 0.910956 0.299584 0.562809 0.601224 0.609846 0.802776 0.817096 0.991748 0.159860 0.202206 0.589158 0.546302 0.018764 0.559738 0.337128 0.186173 0.780085 0.949531 0.839640 0.077049 0.131309 0.366471 0.994835 0.325943 0.863143 0.252681 0.296777 0.377755 0.381065 0.712790 0.547485 0.329178 0.181614 0.443531 0.177813 0.706735 0.543031 0.822784 0.401667 0.685615 0.574238 0.227827 0.462696 0.791532 0.761235 0.879652
0.859465 0.846571 0.507286 0.222524 0.788326 0.957430 0.285217 0.181224 0.034783 0.671227 0.424409 0.624955 0.621712 0.512416 0.627480 0.648602 0.169005 0.935104 0.945208 0.458941 0.526922 0.174652 0.206603 0.947722 0.825443 0.733970 0.439742 0.241721 0.777766 0.958347 0.003648 0.769935 0.634986 0.793070 0.308956 0.235331 0.926129 0.700085 0.693684 0.733992 0.406019 0.435166 0.452586 0.110944 0.297105 0.467365 0.388778 0.052550 0.895930 0.625650 0.125731 0.227166 0.099253 0.396361 0.234468 0.468170 0.582181 0.437413 0.455631 0.521748 0.411875 0.513394 0.665928 0.394632 0.504162 0.970228 0.466787 0.617276 0.230463 0.079008 0.785644 0.595558 0.013455 0.192576 0.018057 0.673748 0.100414 0.797999 0.408084 0.662362 0.589001 0.215013 0.671467 0.969484 0.517644 0.683652 0.262168 0.176946 0.063294 0.150801 0.428978 0.625901 0.065751 0.736768 0.977233 0.829549 0.422725 0.896160 0.642945 0.291264
0.630587 0.497214 0.504067 0.619322 0.599198 0.130920 0.509384 0.169332 0.209968 0.426913 0.076416 0.714541 0.552068 0.429190 0.355797 0.474031 0.664955 0.754282 0.223103 0.593934 0.893731 0.890813 0.924445 0.870388 0.122703 0.391964 0.706017 0.078515 0.764987 0.535061 0.897521 0.002437 0.295218 0.711655 0.633298 0.389723 0.569160 0.737455 0.025538 0.184927 0.954131 0.708673 0.881256 0.347360 0.718619 0.787701 0.008423 0.804909 0.065597 0.701451 0.397099 0.696882 0.341609 0.822991 0.892513 0.044897 0.788271 0.489604 0.213017 0.812572 0.939515 0.828755 0.567683 0.077159 0.076649 0.316997 0.678075 0.003063 0.802000 0.597958 0.972125 0.268384 0.424532 0.695161 0.940839 0.222921 0.209262 0.749105 0.837407 0.581038 0.941063 0.979424 0.090502 0.338442 0.257780 0.567219 0.583004 0.577965 0.162685 0.940283 0.307952 0.734763 0.994715 0.383840 0.709088 0.369271 0.322381 0.062250 0.564898 0.672090
0.383524 0.387027 0.657307 0.952659 0.486081 0.724940 0.829877 0.107118 0.264648 0.989552 0.036052 0.718436 0.534234 0.835281 0.308267 0.606169 0.828222 0.445010 0.794856 0.173821 0.769983 0.847243 0.409448 0.690895 0.014163 0.939599 0.687945 0.268184 0.123868 0.702230 0.703672 0.440019 0.444338 0.279745 0.668341 0.596671 0.380822 0.297698 0.389784 0.158512 0.869354 0.953046 0.265368 0.597849 0.313513 0.057742 0.336792 0.053505 0.319031 0.171750 0.492347 0.726508 0.130333 0.529147 0.935965 0.394018 0.577486 0.931687 0.319470 0.379987 0.289992 0.626004 0.094984 0.197697 0.194552 0.099738 0.209721 0.111273 0.241475 0.382045 0.968877 0.310753 0.375317 0.328883 0.331764 0.502219 0.167544 0.065197 0.948632 0.111607 0.168561 0.564373 0.150992 0.018590 0.423491 0.388705 0.556253 0.937683 0.723425 0.471990 0.122397 0.360749 0.899725 0.110284 0.380415 0.500242 0.877860 0.037291 0.536092 0.702420
0.083231 0.761279 0.699185 0.269136 0.734875 0.237284 0.746259 0.239801 0.032739 0.786693 0.971680 0.704882 0.228432 0.791734 0.132915 0.041692 0.223658 0.467172 0.865026 0.009439 0.042148 0.961804 0.296048 0.077389 0.872126 0.257045 0.072167 0.768008 0.122041 0.769559 0.605878 0.349792 0.120838 0.896382 0.270752 0.630081 0.236069 0.767430 0.959660 0.622776 0.510008 0.797818 0.382059 0.210087 0.342504 0.615763 0.885315 0.518458 0.022816 0.136921 0.826374 0.453456 0.928300 0.646446 0.132787 0.693623 0.904080 0.434311 0.141986 0.224017 0.176155 0.648171 0.006580 0.863288 0.798980 0.118783 0.626937 0.855504 0.949110 0.036404 0.774831 0.345257 0.207040 0.359226 0.187941 0.601262 0.793117 0.890487 0.330591 0.161643 0.973381 0.513547 0.890471 0.356075 0.301305 0.260655 0.757982 0.649756 0.264078 0.954799 0.672435 0.767495 0.201845 0.560269 0.388212 0.254193 0.720904 0.641356 0.070583 0.016523
0.986661 0.965779 0.646056 0.706955 0.410717 0.762351 0.104547 0.373832 0.256069 0.073657 0.633230 0.761490 0.593546 0.599036 0.887269 0.236232 0.515599 0.125105 0.818000 0.716986 0.554215 0.793626 0.060527 0.871113 0.022855 0.276113 0.162977 0.572131 0.461471 0.334942 0.510380 0.490923 0.388444 0.548674 0.513355 0.411312 0.689352 0.922978 0.100843 0.605822 0.922068 0.690288 0.213950 0.660092 0.784141 0.237533 0.042380 0.542185 0.251880 0.906777 0.546678 0.921342 0.272689 0.973240 0.071989 0.478991 0.218276 0.143599 0.313428 0.185834 0.560508 0.438131 0.521404 0.787517 0.030017 0.772458 0.298460 0.887236 0.840586 0.665217 0.756701 0.674843 0.726636 0.796236 0.113919 0.372040 0.681016 0.709888 0.324456 0.030021 0.467787 0.529154 0.764189 0.960766 0.482078 0.025946 0.020677 0.983292 0.244151 0.665705 0.906036 0.406013 0.240635 0.316819 0.704441 0.094510 0.704484 0.503800 0.118693 0.872906
0.947884 0.534892 0.666552 0.904958 0.687811 0.293703 0.322100 0.603896 0.194368 0.520294 0.767297 0.608164 0.410855 0.234139 0.683654 0.886644 0.928153 0.253216 0.357008 0.456097 0.918775 0.086674 0.547614 0.278107 0.913447 0.198848 0.360254 0.344339 0.098398 0.632081 0.053170 0.159053 0.660984 0.052098 0.709770 0.368228 0.353912 0.062511 0.409665 0.868354 0.609020 0.896189 0.863533 0.469079 0.704696 0.779522 0.673491 0.259390 0.948934 0.871958 0.787075 0.797553 0.307795 0.093105 0.402665 0.025909 0.157080 0.112274 0.676725 0.105930 0.373390 0.734930 0.979842 0.064971 0.370899 0.571179 0.154594 0.716988 0.230282 0.845776 0.451973 0.904009 0.523495 0.714259 0.399648 0.096772 0.785698 0.004764 0.175511 0.870751 0.258736 0.795487 0.831390 0.364929 0.007966 0.554118 0.042668 0.348572 0.991593 0.005472 0.122697 0.192194 0.176583 0.470408 0.042343 0.343968 0.052136 0.776556 0.093972 0.466754
0.648583 0.427262 0.757785 0.779740 0.740045 0.683154 0.246020 0.157950 0.349185 0.797832 0.089518 0.461664 0.795675 0.595551 0.609071 0.552141 0.625964 0.007105 0.513312 0.401767 0.717143 0.454639 0.039935 0.881344 0.703225 0.907359 0.480371 0.247949 0.831177 0.488577 0.068102 0.607124 0.146823 0.834988 0.532697 0.556117 0.072545 0.379402 0.374005 0.251502 0.724817 0.554754 0.626279 0.797875 0.205563 0.116901 0.041609 0.504387 0.248908 0.656851 0.674270 0.521836 0.907356 0.688015 0.496671 0.355186 0.766953 0.273648 0.579619 0.771695 0.468982 0.847320 0.779339 0.428038 0.921762 0.143809 0.061400 0.292516 0.025551 0.167973 0.109219 0.142562 0.353971 0.974224 0.472588 0.015957 0.209058 0.834252 0.390616 0.074925 0.779912 0.355963 0.941919 0.794967 0.366040 0.293446 0.871644 0.556595 0.222670 0.614577 0.331206 0.471230 0.162706 0.439337 0.137820 0.536741 0.593267 0.872726 0.722994 0.801974
0.125515 0.895201 0.330484 0.131368 0.528033 0.258100 0.007099 0.598109 0.480420 0.420238 0.754987 0.027777 0.286665 0.323552 0.669964 0.342091 0.240626 0.453692 0.260123 0.847242 0.346961 0.196857 0.043934 0.623487 0.206717 0.241235 0.491542 0.085679 0.431408 0.178836 0.532936 0.632328 0.549355 0.422945 0.995123 0.172688 0.063595 0.395155 0.577034 0.653988 0.956074 0.410607 0.185194 0.732027 0.053515 0.797196 0.422840 0.054488 0.096440 0.138469 0.518066 0.732181 0.794692 0.586256 0.855184 0.297612 0.182533 0.782785 0.925802 0.928544 0.656113 0.490945 0.249298 0.824023 0.096845 0.312839 0.004211 0.900146 0.929486 0.008844 0.307002 0.574273 0.375779 0.250654 0.892438 0.709170 0.470578 0.081789 0.765625 0.161322 0.640860 0.400036 0.043313 0.817699 0.238556 0.036885 0.001476 0.998887 0.172995 0.562824 0.969631 0.160606 0.049055 0.245585 0.069520 0.835703 0.607870 0.710951 0.608560 0.832766
0.150895 0.738762 0.068793 0.895602 0.792471 0.549431 0.738507 0.033220 0.174838 0.924950 0.373131 0.348803 0.191376 0.259635 0.200189 0.286783 0.903643 0.914419 0.167195 0.587441 0.476590 0.990540 0.670275 0.823995 0.848332 0.149980 0.728387 0.745178 0.485747 0.737406 0.162170 0.759418 0.525912 0.516670 0.471118 0.473175 0.184844 0.000229 0.438143 0.381934 0.795948 0.828460 0.298919 0.495138 0.765408 0.449690 0.442572 0.140604 0.262565 0.099136 0.927821 0.032617 0.374475 0.440906 0.885089 0.246242 0.903871 0.823994 0.951102 0.392640 0.241545 0.732459 0.126801 0.035756 0.519014 0.483747 0.694537 0.911836 0.577055 0.642427 0.578866 0.762111 0.121534 0.715889 0.260806 0.801021 0.885222 0.526614 0.168769 0.906081 0.870122 0.755253 0.504917 0.284886 0.793099 0.159999 0.609071 0.966920 0.304379 0.637066 0.572485 0.083312 0.731422 0.481009 0.991865 0.925508 0.654256 0.807591 0.786256 0.484491
0.421554 0.402652 0.037671 0.730550 0.281820 0.157500 0.761424 0.021944 0.511435 0.030401 0.721467 0.854168 0.557846 0.128203 0.768751 0.568578 0.194961 0.243787 0.738930 0.230897 0.033336 0.051665 0.637277 0.126577 0.518065 0.472267 0.826480 0.013481 0.469932 0.028018 0.147749 0.171725 0.741255 0.886425 0.118302 0.420611 0.341830 0.308259 0.202960 0.061001 0.769552 0.333931 0.195573 0.845014 0.327450 0.305176 0.180906 0.596034 0.584639 0.107215 0.000980 0.815453 0.978161 0.983688 0.551096 0.333170 0.039874 0.943155 0.225116 0.240198 0.208398 0.749964 0.723921 0.511373 0.077874 0.574792 0.577099 0.720209 0.758499 0.945332 0.619815 0.783043 0.971776 0.234798 0.329022 0.950935 0.046353 0.618454 0.512191 0.373598 0.779398 0.067924 0.209791 0.186666 0.191937 0.939338 0.114608 0.939441 0.991772 0.073159 0.621150 0.382907 0.170595 0.258772 0.452368 0.916176 0.295266 0.674903 0.499426 0.345454
0.371723 0.943252 0.211831 0.100266 0.909262 0.995908 0.396798 0.428620 0.861156 0.362770 0.502135 0.015664 0.842545 0.446259 0.391670 0.884886 0.470427 0.494644 0.536451 0.825839 0.909747 0.715386 0.477084 0.137177 0.114469 0.296163 0.992085 0.137970 0.803588 0.691303 0.706192 0.938679 0.906047 0.023193 0.493861 0.137638 0.082332 0.821468 0.950423 0.711719 0.152951 0.650263 0.606421 0.383100 0.986227 0.408752 0.039981 0.176997 0.806958 0.971901 0.550931 0.401952 0.021067 0.087158 0.667907 0.984029 0.031739 0.924878 0.472240 0.447026 0.248774 0.886954 0.888919 0.612803 0.621588 0.944230 0.348169 0.133296 0.979921 0.934690 0.296094 0.636189 0.135271 0.538071 0.477350 0.151135 0.162403 0.377329 0.736823 0.679426 0.636469 0.457464 0.596618 0.712090 0.178566 0.277148 0.371093 0.777574 0.170122 0.739866 0.542322 0.822700 0.508676 0.779453 0.839572 0.607714 0.531026 0.279123 0.718747 0.553890
0.214244 0.608294 0.782790 0.169215 0.620839 0.922610 0.563043 0.253490 0.152728 0.845057 0.991591 0.635768 0.387132 0.777933 0.867269 0.277081 0.838759 0.013961 0.906908 0.295904 0.796586 0.274758 0.066186 0.487610 0.625156 0.708505 0.775630 0.810353 0.033210 0.941207 0.252800 0.409112 0.620379 0.260454 0.143004 0.975599 0.973771 0.676368 0.262720 0.654937 0.037118 0.352926 0.852249 0.703914 0.273816 0.791036 0.398596 0.645103 0.258076 0.680095 0.887712 0.475134 0.596489 0.662312 0.862125 0.922136 0.127077 0.313115 0.085944 0.006261 0.151423 0.484244 0.637613 0.955637 0.286490 0.970400 0.290193 0.346379 0.716571 0.038031 0.497035 0.321466 0.439928 0.036223 0.359361 0.753431 0.210657 0.763502 0.353986 0.723564 0.658474 0.383614 0.609719 0.222564 0.968438 0.505034 0.297655 0.329968 0.340526 0.071736 0.072678 0.340186 0.970462 0.700334 0.377852 0.591892 0.316339 0.826694 0.910455 0.378407
0.985646 0.037949 0.060225 0.621865 0.944506 0.770940 0.132633 0.991186 0.491109 0.980987 0.118402 0.445793 0.854180 0.093310 0.480751 0.973895 0.387935 0.929879 0.138729 0.947640 0.979527 0.606932 0.211988 0.886124 0.808578 0.807554 0.442865 0.128518 0.821848 0.475454 0.918418 0.138131 0.770541 0.338244 0.677877 0.555061 0.822826 0.911036 0.183583 0.334109 0.845353 0.624324 0.712365 0.579661 0.355907 0.691515 0.006121 0.325846 0.264481 0.245523 0.691423 0.459383 0.814941 0.857275 0.968564 0.138964 0.354198 0.927060 0.594691 0.442639 0.298386 0.881778 0.117219 0.655360 0.203736 0.791149 0.004202 0.076542 0.889072 0.515184 0.700974 0.208843 0.179973 0.208912 0.593095 0.089243 0.292465 0.896091 0.420869 0.965955 0.076207 0.085578 0.851215 0.319536 0.984996 0.217560 0.247360 0.822343 0.496211 0.414657 0.832346 0.337762 0.008514 0.779115 0.272965 0.997459 0.788080 0.454811 0.898197 0.409697
0.703331 0.295557 0.752776 0.749830 0.626237 0.783055 0.634040 0.278419 0.604698 0.700241 0.104778 0.175534 0.634548 0.326680 0.044117 0.209208 0.231836 0.278570 0.824182 0.207305 0.407565 0.985980 0.846481 0.195901 0.168239 0.225721 0.669234 0.883756 0.690081 0.832968 0.943866 0.857695 0.890561 0.093460 0.106409 0.208252 0.716865 0.267009 0.898537 0.649935 0.311230 0.397930 0.154506 0.054318 0.277903 0.338216 0.319320 0.253596 0.840833 0.145724 0.674176 0.542485 0.347316 0.342876 0.116762 0.398259 0.743572 0.892768 0.598684 0.758385 0.962725 0.608911 0.957668 0.238087 0.018648 0.247096 0.461377 0.076577 0.479260 0.726985 0.590264 0.632705 0.348398 0.476328 0.491322 0.728757 0.533005 0.076694 0.392376 0.040267 0.701121 0.943622 0.382286 0.658756 0.528135 0.629171 0.942196 0.603396 0.332748 0.934173 0.770475 0.541744 0.181376 0.433295 0.382270 0.832713 0.356816 0.406050 0.927756 0.173643
0.999096 0.503521 0.024706 0.994227 0.328255 0.286929 0.327726 0.420587 0.933662 0.764659 0.328596 0.355059 0.975989 0.219909 0.693027 0.891276 0.789529 0.141873 0.724852 0.569838 0.376855 0.786212 0.767200 0.511851 0.301920 0.061901 0.818545 0.833515 0.834681 0.315030 0.189479 0.634082 0.214449 0.985489 0.310032 0.540599 0.302865 0.068953 0.706967 0.589540 0.313438 0.161738 0.426039 0.711710 0.234722 0.466277 0.889558 0.234393 0.857918 0.467719 0.423798 0.803745 0.054384 0.147988 0.107224 0.345079 0.768747 0.084409 0.905436 0.161743 0.928384 0.047703 0.584846 0.337098 0.323321 0.980729 0.876943 0.517459 0.088824 0.184078 0.229575 0.936983 0.380866 0.703708 0.356916 0.242702 0.457413 0.490825 0.026057 0.652540 0.149597 0.335547 0.922134 0.588938 0.978529 0.350751 0.370213 0.531436 0.015867 0.722590 0.551780 0.940519 0.528451 0.175435 0.350335 0.550877 0.616217 0.107661 0.516101 0.885031
0.836818 0.390361 0.308084 0.111180 0.458044 0.685397 0.490065 0.229311 0.248597 0.773230 0.906379 0.429343 0.965048 0.907980 0.498322 0.622873 0.294253 0.665814 0.419209 0.994306 0.208877 0.202707 0.338779 0.034781 0.169154 0.307285 0.750707 0.460119 0.069006 0.528230 0.307993 0.281921 0.742535 0.575415 0.455163 0.513541 0.620733 0.292920 0.381712 0.243994 0.611046 0.282989 0.951517 0.759512 0.903686 0.256875 0.278819 0.564628 0.987732 0.932917 0.659019 0.176993 0.744860 0.835287 0.441509 0.956482 0.271552 0.711974 0.159203 0.157238 0.728827 0.866909 0.948610 0.099531 0.348642 0.785269 0.900951 0.357032 0.396442 0.542216 0.630688 0.017214 0.408345 0.922022 0.930079 0.134725 0.492821 0.698401 0.660335 0.372718 0.915752 0.743093 0.498366 0.932301 0.589718 0.195064 0.740105 0.149264 0.895389 0.478976 0.504333 0.691105 0.557935 0.186067 0.348148 0.945747 0.189716 0.658736 0.614174 0.381956
0.104831 0.182631 0.874558 0.381490 0.533017 0.148523 0.116537 0.398192 0.556605 0.551384 0.344619 0.309400 0.831788 0.739010 0.104093 0.609063 0.509595 0.314993 0.556059 0.349813 0.408493 0.663464 0.765264 0.263837 0.163504 0.182483 0.675750 0.287987 0.113312 0.726009 0.829169 0.522123 0.865009 0.157145 0.872670 0.260244 0.343586 0.751072 0.875097 0.225302 0.578200 0.566609 0.083215 0.611551 0.384997 0.151995 0.722800 0.114299 0.446180 0.683139 0.310618 0.079886 0.566250 0.664299 0.258060 0.762574 0.715447 0.318235 0.883856 0.905889 0.453930 0.355642 0.338452 0.240969 0.031758 0.451170 0.929721 0.772622 0.485207 0.812494 0.182001 0.090935 0.060895 0.588234 0.501584 0.326503 0.676795 0.848340 0.721082 0.810592 0.760012 0.202423 0.191358 0.044482 0.617096 0.261639 0.350805 0.752758 0.512491 0.301860 0.143913 0.513940 0.077940 0.507098 0.532528 0.682436 0.877088 0.162506 0.638500 0.375868
0.351229 0.395872 0.875678 0.907617 0.700833 0.706161 0.396285 0.432306 0.356861 0.419353 0.270082 0.144625 0.348045 0.172953 0.763995 0.567131 0.558577 0.165139 0.531000 0.613271 0.434580 0.011786 0.832480 0.083647 0.642538 0.769472 0.964390 0.684779 0.278281 0.616097 0.416812 0.575500 0.698259 0.530082 0.438878 0.422708 0.714630 0.672591 0.226201 0.276890 0.383984 0.853244 0.007545 0.118427 0.274449 0.627965 0.614532 0.665017 0.575146 0.397321 0.916696 0.415240 0.508933 0.503059 0.151355 0.434821 0.363811 0.296926 0.395180 0.131732 0.221287 0.724561 0.090866 0.177933 0.115518 0.757306 0.305795 0.527247 0.740705 0.559908 0.108944 0.406175 0.006170 0.916105 0.464742 0.289378 0.450154 0.433385 0.956135 0.922789 0.873707 0.067467 0.643813 0.914240 0.339264 0.846106 0.799797 0.617121 0.125163 0.830380 0.611320 0.655432 0.223665 0.456870 0.532329 0.285540 0.475108 0.610101 0.835618 0.929479
0.017335 0.429168 0.072867 0.443412 0.997155 0.392879 0.458630 0.752153 0.849605 0.378082 0.857650 0.942329 0.145561 0.542797 0.699529 0.425210 0.911202 0.738649 0.316515 0.058987 0.934587 0.789343 0.918761 0.889863 0.410798 0.597146 0.097158 0.028186 0.880676 0.387855 0.533736 0.126712 0.230091 0.468388 0.708453 0.593388 0.072709 0.104049 0.000441 0.678699 0.187578 0.421825 0.466034 0.512848 0.412489 0.493205 0.199280 0.268589 0.691547 0.395807 0.016406 0.828196 0.439792 0.993193 0.257683 0.683269 0.646693 0.181782 0.679933 0.509812 0.677924 0.154463 0.347176 0.756148 0.952684 0.561208 0.341725 0.103861 0.570787 0.608286 0.421011 0.490631 0.049030 0.061006 0.606209 0.693693 0.615779 0.661494 0.703316 0.557193 0.098579 0.782934 0.742942 0.663395 0.283543 0.789370 0.718704 0.937469 0.089648 0.264832 0.136927 0.717005 0.594345 0.733870 0.840143 0.297981 0.324603 0.723577 0.807031 0.137894
