100
25.6494 27.1188 25.4313 24.4792 25.1293 24.8468 25.4571 23.5022 22.7117 23.8025 24.8709 23.6961 25.278 25.3795 24.3868 26.9339 24.9604 28.3145 23.7864 24.2965 24.2037 26.9287 23.9392 26.0159 22.3664 24.3668 26.4935 23.7253 21.4655 24.8464 24.9736 25.1353 23.4664 24.891 25.4956 26.1446 23.1442 24.79 25.4398 25.059 24.1592 24.1949 23.9057 23.1811 23.8013 25.4853 22.6972 21.3985 23.7353 21.7065 26.6968 23.4256 23.2104 26.8473 26.8456 24.8784 23.8051 25.2414 25.2418 21.5014 26.934 25.9557 24.239 22.6751 24.1244 26.8916 25.3249 25.0158 25.0427 24.1752 26.3526 25.0316 26.0056 25.4254 23.749 25.9276 24.4099 24.6889 25.0732 25.3575 23.8827 24.8341 24.6584 25.129 22.6532 23.0295 23.7246 27.0456 27.2552 23.3228 24.7094 26.8641 22.9564 24.2921 24.017 24.1657 25.9994 27.1796 25.8022 24.9288
23.4137 24.9606 22.7667 22.7106 24.9769 22.6423 21.1459 23.2115 22.7868 21.3021 25.6686 21.3137 25.6061 21.5698 23.076 23.58 23.2255 24.5123 20.7891 21.6 22.4376 22.937 23.8963 21.5317 20.7268 20.2762 23.6723 20.5865 20.2756 22.5141 25.1098 23.7827 22.4261 20.8382 23.8484 22.3914 20.718 24.8064 24.5617 23.2226 22.2846 22.5437 20.9264 20.4542 22.6471 23.8408 21.7807 18.5842 24.6235 21.2353 23.9638 22.945 21.1284 23.3549 22.3273 21.3615 22.6527 22.4258 23.2459 20.856 22.6467 22.5454 21.1417 22.2201 22.0678 25.2035 20.9829 22.5297 24.5278 22.6356 23.2494 22.1412 21.8552 23.5102 21.1783 21.6241 22.0381 22.6276 22.2592 24.6207 21.5887 22.807 23.9333 22.7765 20.6331 19.7692 21.8931 23.4851 24.2303 22.744 23.5845 25.0359 20.6754 24.3891 22.1322 21.5799 23.6175 23.3717 24.4908 22.2126
27.3381 26.6359 27.0203 26.1273 27.9428 26.5177 25.1983 24.2694 24.9213 27.6138 28.0521 24.4137 26.8544 26.3134 25.8349 25.4999 26.1385 28.4253 26.0079 25.1779 25.3021 28.6471 25.8119 28.5896 24.8331 26.8398 27.3725 23.6906 24.8141 26.2946 25.9666 27.0983 27.7328 29.0036 28.2376 26.3854 25.1174 28.7023 27.3834 26.6089 25.8375 25.1682 24.3647 24.0298 26.0129 26.3071 26.1792 22.1251 25.189 25.1177 27.8373 27.404 25.1274 27.8184 27.0911 25.3646 26.3896 27.8403 25.3211 22.0509 29.3729 27.5484 26.789 26.658 26.1448 29.0279 24.3836 27.9274 25.9255 25.4356 29.1642 27.0578 27.4176 28.3423 24.8973 26.7716 24.3855 27.9546 26.6259 25.9381 25.8314 25.5653 27.7291 25.5298 23.7723 23.0726 23.7121 27.5524 27.4935 25.1161 26.998 27.6229 23.7154 26.8259 24.9692 24.9463 28.7787 26.3333 27.6772 25.8622
27.048 27.3468 24.6783 24.0101 27.13 27.1612 24.2982 24.7611 23.9366 25.4025 24.6104 23.3033 26.0823 26.3528 24.5945 25.048 24.5717 27.6405 24.2618 26.3271 26.8845 25.2629 26.2455 25.8282 22.052 25.5386 27.3257 23.8275 21.594 25.9354 24.728 25.8814 25.8992 26.0235 26.4111 24.7065 22.8911 27.2295 26.7456 25.4674 24.8552 25.2225 22.9462 22.5484 24.0753 24.492 23.8702 22.7359 24.9187 21.7605 27.703 24.7199 22.8218 28.2729 26.6695 23.0276 26.4627 26.3466 24.6949 21.2876 27.5003 26.898 24.5483 23.8182 23.9804 28.7513 23.1669 22.7934 25.3309 23.4616 26.612 24.9538 25.5888 26.7272 25.7177 25.4498 23.6402 25.0065 25.1521 27.3916 24.4919 24.2028 26.8294 25.59 24.0343 23.5304 26.149 28.329 25.2259 25.6953 24.519 27.9927 23.0472 25.4949 22.95 24.4426 26.7869 26.7645 28.5216 25.2085
23.5634 24.313 25.1788 23.617 24.5256 23.7844 21.4715 21.7638 22.9722 23.7163 22.684 21.1802 24.4105 23.7297 23.4508 23.074 23.2572 24.668 23.241 21.6765 22.0171 21.5501 22.8086 23.1171 22.0482 22.9644 25.346 22.6208 19.6886 23.1611 22.6397 24.0914 21.6348 23.5122 24.6518 21.4237 21.11 25.2276 23.8562 21.1012 23.5047 22.6067 22.0615 20.0388 21.3494 23.9407 21.8282 19.6723 22.5387 21.6771 23.6614 23.7673 21.8537 24.9335 24.9711 21.5877 23.5975 23.8117 22.1296 19.5801 24.0245 23.7477 23.0499 23.3072 21.8592 25.2577 21.9499 23.3497 23.637 22.2649 24.1218 24.3574 24.0283 24.2683 22.0337 23.8345 21.4973 22.8759 23.8004 23.343 22.3404 22.3071 23.5073 23.0838 20.9352 21.1082 21.5882 24.9464 24.5004 21.3476 23.3286 25.0483 21.3443 22.2923 22.6406 22.7105 25.1964 24.5136 25.623 23.1778
26.6376 25.6287 27.4933 25.645 28.8639 26.6004 25.8925 23.6052 22.0413 25.3549 25.4077 23.3689 26.3534 23.6001 25.2607 26.3591 23.9161 26.1345 26.1423 24.1855 25.2025 26.5014 24.8872 26.3091 22.2875 23.6529 26.7648 24.0534 22.5362 26.4129 24.1828 25.2359 26.0437 25.8592 24.9476 25.1313 22.3965 25.472 26.6668 26.8187 23.685 24.5837 23.2429 23.0223 25.1126 24.9586 22.2611 21.4033 24.9904 23.5481 27.0803 24.9546 23.6862 26.1602 26.3341 24.3191 25.0564 26.4124 22.9603 20.8375 25.3042 27.3447 26.3246 24.1524 23.8351 27.2797 25.4164 25.2969 25.3356 25.4136 27.2184 25.4796 25.446 26.6719 22.4147 24.7909 24.3489 25.8105 23.2052 24.6074 24.1589 24.8631 27.3013 24.7242 23.2792 21.4266 23.8196 28.1877 26.7388 22.9265 26.4087 26.6768 22.2934 24.0648 23.2717 24.0588 26.8476 26.1273 25.9713 24.0902
24.5131 24.5729 24.0917 23.0281 23.5957 24.0238 21.8908 19.3366 22.5969 23.8855 24.1354 21.2311 22.9933 22.5342 22.8405 23.5651 23.0552 24.1765 24.0356 21.465 20.7082 24.9413 22.1429 23.7654 21.9514 22.2823 23.1639 22.6009 20.7312 22.7172 21.617 25.3985 22.6806 24.1756 23.9248 23.31 21.1235 24.5252 24.7756 22.7494 23.1139 22.695 22.0306 21.4217 22.4415 23.7194 22.2566 21.1172 20.9439 20.2836 24.7666 23.3246 21.8635 24.536 23.7138 21.8527 23.2855 24.1323 22.4641 18.5619 23.7257 24.9117 22.4414 22.6866 22.9135 26.5528 23.1291 23.8095 22.7903 21.3843 24.5259 23.89 23.202 24.7289 20.516 23.5388 23.018 23.6157 23.0732 23.2022 22.9278 22.3907 24.0349 23.505 21.2669 20.5274 21.997 23.6563 22.6338 23.1925 23.803 24.9808 22.1257 23.7404 22.4685 21.1181 24.1668 23.414 23.9502 21.7791
27.8413 28.0141 25.3284 26.5108 27.4794 26.2536 24.8849 23.0502 24.9496 26.2498 25.2582 24.3739 26.2026 25.6153 24.929 26.56 24.7235 27.7249 23.8088 24.5104 25.935 26.8878 26.4449 24.9485 22.8519 25.2168 26.867 23.3198 23.5974 26.0405 24.0913 26.584 25.7495 26.4267 26.7327 25.8128 23.7049 27.0831 25.3146 26.4801 24.7576 24.4942 23.932 22.4821 26.2201 26.2468 22.8986 23.3307 24.7156 24.4312 29.1207 25.1979 24.6337 26.4348 26.0603 24.6861 25.6296 25.8437 24.0428 22.3641 27.6898 25.7006 25.5264 26.0687 22.8434 28.2175 23.7973 26.0688 26.4964 23.5426 26.8335 26.4954 25.7453 27.4441 25.0272 25.6769 22.5575 26.2781 25.158 25.817 24.9142 25.5252 26.8007 25.3069 23.9333 22.4734 25.715 26.6818 27.7114 24.4896 25.7602 28.5499 23.9061 25.6119 25.3952 25.6586 27.0508 27.8353 27.9778 26.5282
23.339 28.4545 27.2911 23.2366 28.1605 25.6007 25.9052 24.0883 24.6571 27.4384 27.6793 22.9493 24.8377 26.77 24.7642 27.4734 24.6535 28.4988 24.9954 24.6458 25.4415 25.421 26.0439 26.4655 23.8373 25.1713 27.9187 24.4324 22.9905 25.5802 25.7165 26.2705 23.9387 25.737 26.0298 25.0858 23.5556 27.6205 26.055 25.4912 24.3081 25.9253 25.4523 23.0114 24.5925 26.7628 26.1422 23.9452 24.6534 23.6008 27.7608 23.8775 24.712 29.3221 26.2405 25.2367 25.9161 26.1122 23.8586 23.5943 26.1085 27.4639 23.7998 27.2925 26.0025 27.7612 24.745 26.3837 26.152 24.0197 26.9799 25.6766 26.1977 27.8578 24.3932 26.3343 25.2849 27.965 26.2285 26.7437 25.6778 25.5047 28.1495 24.801 23.4645 23.6969 25.5094 27.1655 28.0126 25.6451 25.9712 28.4275 25.0432 26.1325 26.3399 25.9101 28.9527 26.7747 30.0653 24.7497
26.4044 25.3172 25.3798 22.3586 25.5823 23.9209 24.0569 24.0068 24.5993 26.1159 26.2865 21.977 25.188 24.227 23.3146 25.2245 23.9182 25.9522 24.6761 23.6358 24.569 26.5459 25.0104 25.2147 23.434 23.5015 24.9632 22.847 22.1753 23.2317 24.6669 25.5728 23.2247 25.6648 26.1092 25.1318 21.4668 24.9114 26.394 24.642 24.2018 24.616 22.9408 24.0611 23.2225 24.6493 23.7694 21.4972 23.6324 22.2473 25.0557 23.1334 24.8543 26.5661 26.2672 23.5859 23.5713 25.0615 22.9669 21.1282 26.4114 26.4642 24.0674 23.3172 24.9115 26.5494 21.8685 25.562 25.6579 23.6783 25.3441 23.221 25.0847 24.4452 23.2462 23.9286 22.5034 25.2089 24.7142 24.1679 23.2084 22.8993 24.6351 23.8761 23.0098 22.5753 23.5564 24.9608 25.7494 24.2383 25.5041 27.2513 23.9443 23.9673 23.4574 23.3226 26.8261 24.7009 25.4187 24.8626
25.8203 27.7945 25.3472 23.6989 27.0591 25.8216 23.2713 23.8245 25.4201 25.4238 25.988 23.7602 26.1466 25.1587 24.0613 26.6756 25.8187 27.7609 24.4501 25.4489 24.1971 26.3787 26.8711 26.1682 23.2857 24.5674 26.5014 22.4225 22.6484 25.9086 26.0451 26.4726 25.3921 24.6885 27.541 24.8712 22.2336 26.4343 27.3219 24.701 24.5843 24.2181 24.1898 24.0599 24.8003 25.2112 23.3475 22.6687 25.3868 23.9121 26.0292 26.6696 24.9758 27.9353 26.5309 23.9538 26.0014 26.8117 25.5648 22.9594 27.5166 26.7206 24.1395 24.4031 22.8447 28.3033 24.0079 25.2492 26.0424 24.4529 26.4667 25.8837 25.7969 25.7754 23.9145 24.7754 25.0266 25.1464 26.0731 26.2607 24.7081 24.3763 27.2894 24.6989 23.4021 23.9604 23.5726 26.0297 27.1419 23.779 24.9655 28.3981 25.2052 25.3431 24.0355 23.7471 27.1863 26.1643 27.6401 25.2777
25.8347 27.3136 26.5748 25.5322 25.5733 25.5746 24.6814 23.9092 23.6789 25.7724 26.2825 22.6501 26.229 26.5495 25.5536 25.9709 26.0979 27.6277 24.2189 25.7314 25.4357 27.5824 25.7897 26.7248 22.8452 25.4576 26.5716 24.0332 23.9546 24.8465 24.805 26.0126 25.1897 25.3186 26.0391 25.4443 23.034 27.8375 26.6575 25.493 24.0387 24.8262 24.1031 24.2165 24.7252 25.4388 23.8179 22.001 23.7276 24.8286 27.3641 25.2577 24.466 27.6868 28.1299 23.0032 25.2324 25.4242 25.4561 22.7643 27.2801 26.5386 25.6347 24.7579 24.1298 29.3314 22.9772 25.8117 26.6769 24.5146 27.7201 25.7906 25.2202 26.209 24.8355 24.6529 23.5547 26.6175 26.9017 25.7713 25.5134 25.1546 27.4743 25.0383 24.5416 21.5805 24.013 26.7567 28.0063 23.7743 26.0134 27.7992 22.9525 26.5343 23.8477 24.921 29.4069 27.6132 28.6798 25.4347
23.0947 26.3667 23.974 23.5808 26.0249 23.2039 23.9821 23.7735 23.5921 24.8519 24.8795 22.5551 24.9397 23.7281 21.854 26.332 22.671 25.5724 24.4086 23.6816 24.6641 26.2704 22.8397 25.4637 22.1033 22.7765 25.9571 22.8253 22.2904 23.9628 22.5825 24.1635 25.013 24.5377 25.7138 23.3126 21.8559 24.2521 24.7505 23.8786 22.88 23.0648 23.0608 23.903 22.3789 25.2664 23.7189 21.2298 23.8789 22.4378 24.6609 24.8726 22.9957 25.5458 24.4702 23.6574 23.3642 23.7896 23.8434 22.4725 26.0372 24.9903 24.0627 24.8409 22.611 25.4527 23.7744 24.3826 23.2225 23.8424 26.3005 24.9944 25.7593 24.7215 22.5479 25.0301 23.3323 25.7711 24.2318 23.9096 24.0728 25.1814 26.0593 24.7665 21.5193 21.3879 24.5844 24.2253 25.6639 24.6598 24.4958 26.5283 22.797 25.1708 24.304 25.3793 26.5267 25.3764 25.155 25.2813
23.0335 24.7274 23.3182 23.0793 24.49 23.9567 23.5723 21.9366 20.9636 23.1257 23.9547 20.7571 21.8493 23.881 22.3057 23.8468 21.0818 25.6486 20.5956 24.1556 22.4173 22.5614 24.5665 23.8116 18.5885 22.3524 23.2414 21.2975 19.989 23.3336 22.7181 24.0143 20.8379 24.1089 24.9064 23.751 20.8155 23.0528 22.9892 23.9327 22.9372 22.0901 20.9652 19.8103 24.7497 23.0213 20.4195 21.1784 21.8001 20.9183 25.0565 21.1436 20.2853 23.8253 24.7339 21.3717 23.084 23.0655 21.6395 19.5651 24.6478 22.395 22.2645 22.0517 22.1402 26.7402 22.0667 22.8849 23.3414 21.2802 24.1259 23.3838 23.3199 23.9495 22.3274 23.68 21.9198 22.3889 23.429 23.8213 22.4803 21.6233 21.8631 21.4347 21.5831 20.1244 23.6492 24.3415 25.2136 21.0601 22.3065 24.7592 21.4882 23.227 22.8816 22.4184 24.6962 24.3806 24.0168 24.1811
25.6698 26.7499 24.7385 25.2564 26.8849 25.2432 22.5902 22.8505 25.0859 25.8376 25.8303 24.2459 25.4048 24.0549 24.3123 26.5391 23.9917 27.3736 23.4898 23.1987 24.3979 27.0246 23.9987 28.3228 25.2678 24.412 27.7273 24.6629 22.2636 25.2485 23.272 25.0336 24.2635 26.0676 26.2806 24.1945 23.4037 26.4682 25.371 24.4377 24.6457 25.2493 23.8162 22.8146 23.4086 25.0281 24.9124 21.7023 24.3473 21.9273 25.8872 24.4246 23.9788 28.2209 28.0849 22.5119 24.3319 25.2682 23.6729 20.6815 26.4751 26.2272 25.1166 25.7553 24.44 28.1208 25.3681 25.928 25.2663 25.1402 27.577 24.7896 27.3445 26.019 23.9214 28.2976 24.03 27.1437 25.2375 24.7792 25.5734 25.2659 27.2366 26.9081 23.0979 23.7098 25.6329 25.9523 27.0074 25.3609 25.8759 26.4845 22.7694 25.6857 23.7112 24.6447 28.5987 27.4953 27.9849 24.7002
27.7721 28.4751 26.75 26.7965 28.9089 28.0432 26.3895 24.0237 25.9046 28.2342 28.2283 24.5288 28.8557 26.3959 26.2073 27.9318 26.2025 25.981 27.331 26.4418 25.2776 26.4856 27.2403 27.6687 23.9305 25.3268 28.1354 25.7954 24.3313 27.4202 25.8321 28.2477 25.7134 28.4135 27.4618 26.9129 24.9265 29.1862 28.1385 27.2224 26.5317 24.9592 24.0821 26.1342 26.9665 25.9353 24.978 23.6575 26.886 24.9093 28.6567 26.8985 24.6632 28.668 27.9515 26.3824 26.9958 26.6285 25.3862 23.1747 28.2938 26.9296 27.6139 27.3681 25.8095 30.7411 25.6389 28.0687 27.2521 25.0624 28.1095 26.7971 27.9386 28.0897 24.9122 27.4478 25.9942 28.3413 27.1506 25.8914 27.5244 27.769 27.9412 27.525 24.7831 25.1527 26.4516 28.1876 26.8848 26.4572 26.5622 29.3924 25.356 27.2257 26.6244 26.2366 29.472 27.127 28.8328 27.2804
26.3923 27.0266 25.9953 25.5732 26.6619 25.1992 25.4312 23.3473 24.291 25.2804 27.4738 23.8564 26.0819 24.7625 25.6253 27.2633 25.216 26.8149 24.8224 26.1167 23.8055 25.197 26.7778 27.1 23.2511 24.3414 28.0438 24.2415 21.7727 25.2677 25.1276 25.7909 24.5518 25.9949 26.724 25.6378 24.4734 26.9269 26.8782 25.8655 24.9428 25.4452 25.2481 24.8822 26.3139 26.5133 24.3193 24.4479 24.5382 24.6432 27.1318 23.5252 23.7654 26.4298 27.4028 23.415 25.5716 25.7589 24.6209 21.2925 27.1263 26.8018 26.368 25.4325 23.9509 29.0201 24.8961 26.8958 25.5049 24.4824 27.2925 25.0672 26.9201 28.9772 24.4159 25.7968 24.6246 26.9805 26.2057 26.0458 25.3471 25.6014 25.753 25.7369 22.4967 25.1923 24.5808 28.2575 28.4052 26.0444 25.9532 27.3977 23.9746 26.0202 25.0834 24.9406 28.0637 27.1197 28.4425 26.5146
25.705 27.208 26.5366 26.412 27.2776 25.8191 26.2639 23.1281 23.1812 25.8213 26.6542 24.2673 27.8095 24.7744 24.3906 26.3328 25.3155 25.3386 25.9112 23.8465 24.9609 26.2592 24.8181 25.397 23.3212 24.8312 27.156 24.8464 24.1568 26.0374 24.7737 25.4577 24.635 27.6324 25.0374 24.5508 25.3396 28.6559 25.9015 25.2973 23.5789 24.1966 23.5663 22.1356 25.2152 26.6851 23.755 22.2466 25.2745 23.7668 26.9528 26.7634 23.1385 26.113 25.9429 25.3684 25.9491 26.1599 23.8885 22.5822 27.6748 26.089 26.0563 26.4065 24.8868 27.9146 23.8992 24.9852 25.0489 22.712 28.0816 26.2627 26.9419 26.7369 22.4949 25.903 24.2449 27.0915 25.4514 24.6305 26.0055 26.1257 26.6756 27.148 22.9455 24.148 25.872 26.4453 25.0813 25.6407 26.0832 26.8382 22.8451 27.405 25.2409 24.7933 26.7537 26.5385 27.6332 25.8982
27.9224 29.8543 27.8095 26.2048 27.5822 27.1341 27.4433 25.0483 25.3714 26.1446 27.803 26.6562 26.0773 25.9878 26.1008 28.6613 26.5768 28.419 26.7809 25.2547 27.3109 28.2031 26.5143 27.4419 25.9931 26.5293 27.5343 26.8039 23.2546 27.7876 24.808 27.2029 25.2621 25.8808 27.4639 26.2693 22.8799 27.2912 27.8126 25.8584 25.7669 27.2902 24.3933 24.1334 26.0236 26.9525 24.7758 23.1569 25.6212 24.1822 27.8871 25.9104 25.8172 28.4483 28.8998 25.8678 25.3099 26.4209 25.4601 22.5853 26.7279 27.9303 24.8833 26.1363 26.6269 29.3362 25.9414 27.0448 27.2976 24.4991 27.9816 26.7164 27.4844 27.6106 24.9718 26.6414 26.3727 26.782 27.4774 29.4156 27.1051 25.1471 27.4464 27.3786 23.9932 24.6842 26.7281 29.5102 27.1129 26.6039 27.6414 29.1125 24.1242 26.1528 26.6113 25.7852 29.0391 29.4957 28.3286 27.272
24.4111 25.0987 24.4827 22.8313 25.0426 24.2797 22.9168 22.359 21.6605 23.067 23.4645 21.8116 24.1311 21.9376 22.8944 23.7266 21.9494 23.9876 23.6329 23.9998 22.9181 24.3088 23.7578 24.2823 20.0616 23.5312 23.5976 22.4443 21.7496 23.5322 22.5845 25.0568 22.6979 22.3185 24.0362 23.0069 21.1913 24.1704 26.5194 24.6129 22.7875 22.6945 22.4813 20.926 23.0865 23.9345 23.0054 20.5414 22.254 21.7952 24.8803 23.1811 21.9485 23.5545 24.1084 21.9841 23.4525 23.629 21.1891 20.8103 24.9515 24.1737 23.6163 23.0705 23.5823 26.387 23.1359 23.7953 23.8951 21.7932 25.0989 25.1017 23.9622 24.3639 21.5436 21.898 21.2328 23.7113 22.9318 23.4259 21.8916 22.9774 23.7 23.3702 20.8982 21.9993 22.8829 25.4332 24.8543 22.4251 25.2489 24.9677 22.0588 23.0997 22.2032 22.9325 25.993 22.9882 24.9799 23.2152
25.3113 27.0318 27.6608 25.6606 27.4587 27.3121 24.3066 25.1283 23.6088 26.7293 27.4977 25.0041 26.8666 26.3924 24.7411 24.3524 25.0782 26.6897 25.5269 25.8957 25.8666 25.9942 25.9996 25.213 22.8007 24.9104 27.1675 24.884 22.5507 26.296 25.8349 26.2947 25.781 26.2297 27.7727 25.1012 23.3541 26.4207 26.6463 24.7753 25.0896 25.2769 24.0461 23.1195 24.7298 24.7629 23.5907 22.4672 25.7717 25.1402 28.4196 25.7443 23.6918 27.2718 27.39 25.3192 26.5987 25.5971 23.5604 21.1611 25.9405 27.7851 25.5173 24.4405 24.9038 27.8411 24.5753 24.6158 26.7481 24.9461 27.3283 24.1673 25.3193 26.6433 22.8163 24.7509 24.0435 26.501 26.3559 25.3496 25.4422 24.3495 28.6199 25.6675 23.2598 22.5148 25.7716 26.5327 27.4291 24.7369 26.3206 25.8365 24.5155 25.5001 24.6694 24.1006 27.3515 26.6413 26.0374 26.2951
22.1596 23.8471 22.0177 22.1558 24.2518 21.9345 21.7854 20.649 21.0479 22.1232 22.966 21.2184 23.0971 23.1861 23.4704 21.767 23.595 23.5204 22.4637 21.1228 21.4829 23.0751 22.0814 22.5949 20.5025 22.5527 23.0329 21.6519 18.9375 22.6238 21.1827 22.3693 22.0976 22.643 22.4196 22.8074 20.5148 23.7695 22.7078 21.5057 22.6072 20.7872 21.296 21.1621 21.6865 22.6967 21.7671 20.691 21.9739 20.9097 23.3312 22.7925 21.6837 23.182 22.1996 21.1169 22.175 23.1282 21.8348 18.3284 23.576 23.0139 21.6469 22.9999 21.7563 25.2076 21.2249 22.5532 21.24 20.5797 23.5377 22.252 23.7835 25.1635 21.536 22.1818 20.8906 23.5612 22.1066 23.0921 21.5168 21.7883 23.0965 21.8056 20.2294 21.0575 20.7111 24.6113 23.4956 21.9168 22.4218 24.7694 19.3549 22.6111 20.8383 21.1355 22.143 22.3605 23.3361 21.9042
21.7662 25.4694 24.7775 22.5738 25.6009 23.3393 22.4259 23.6979 21.3777 22.5039 25.9763 22.8275 21.864 23.4498 22.7368 23.824 23.0085 25.4119 22.5958 23.4328 23.5858 24.1877 25.2476 25.0009 20.3689 21.6321 23.3813 21.8413 20.4336 25.312 23.0159 23.5804 22.5922 23.0362 25.0416 23.8731 21.9786 23.4363 23.8727 23.9097 21.8689 22.7523 22.64 22.7706 24.055 24.2892 21.0394 21.1088 21.2439 23.0891 25.4206 24.2253 22.3536 26.1939 24.7131 22.0444 23.5804 23.7693 22.6926 21.645 25.4604 24.777 22.3516 23.738 22.7433 25.1542 20.71 22.3084 23.8657 22.1775 25.1486 24.4931 22.7966 24.457 22.8643 22.1144 21.7974 23.7251 23.4813 22.8753 23.4116 22.205 25.301 23.3298 22.7541 21.0482 23.4186 22.9968 24.4999 21.4446 23.405 27.0491 21.1115 22.9126 20.8234 22.8763 25.485 24.7101 24.6751 23.0047
24.8089 27.3786 25.3031 25.0269 26.2614 26.2529 24.7014 22.6928 21.5968 25.8805 26.89 23.1989 26.6218 24.9523 25.5907 24.8634 25.1203 26.1442 24.7992 24.3631 24.3215 25.5613 26.5087 25.4421 22.471 25.1826 26.0175 24.5625 21.0135 25.9582 25.2686 24.8077 26.4536 25.8142 24.499 25.1084 24.2526 28.6077 26.1414 25.2781 24.3099 23.3056 22.4772 22.3793 24.9657 23.7274 23.8798 21.64 23.9223 23.3269 27.4688 25.0781 23.9172 26.2008 27.6031 24.8258 24.6694 25.7597 23.804 20.5924 26.7762 26.9311 24.8328 22.6467 24.4023 27.9792 24.5394 25.5962 25.7513 23.1276 27.9485 24.9366 23.6439 26.2653 23.7825 25.4281 24.7387 25.756 24.3165 24.8007 25.5697 24.7527 26.0854 24.7368 23.8814 22.513 25.0148 26.275 25.7073 24.5646 24.8282 25.2447 22.9971 25.6864 24.3604 23.2692 26.4678 26.2321 27.9419 23.7236
28.3537 26.2395 26.7256 25.9153 27.7042 24.2554 24.7886 23.2519 24.6999 25.3818 25.2606 23.7789 28.4595 23.8679 27.5861 27.844 24.6209 26.9223 25.006 25.0376 25.7558 26.1325 25.5898 25.7259 22.9045 24.612 27.9169 24.0356 20.8706 25.3123 24.6334 25.2879 26.5807 24.632 26.2098 24.5651 23.4298 27.3562 26.0486 24.8371 24.5567 25.4978 23.1979 23.3403 26.035 25.565 23.0969 22.8137 26.1538 23.0114 27.5873 23.739 26.2499 27.9978 26.5821 25.3368 24.8574 26.7747 23.7723 22.1629 26.1858 26.7884 25.345 25.147 23.2552 27.3537 22.5036 25.7529 25.8192 24.1917 27.587 25.3827 26.9696 27.3601 24.7369 23.6937 24.6453 26.1069 24.664 27.1879 26.4581 25.1316 26.7096 25.9433 21.5489 23.5361 24.8167 26.8134 27.7082 25.7895 27.1432 28.2585 23.2617 24.2593 24.4466 23.8427 27.9025 26.2528 27.7107 26.6078
25.8187 27.6 24.9018 24.8733 24.3748 23.5865 24.2292 21.7137 22.5935 24.8811 23.7309 23.4936 25.2855 24.1891 24.2872 24.0164 25.1016 26.7475 23.561 22.8233 23.4326 27.2987 22.9098 25.1302 22.4248 23.9304 25.3366 23.8459 22.2873 24.5566 23.7278 23.274 24.2069 24.7835 25.9393 23.0602 22.8584 25.7262 25.3147 23.482 23.2398 22.0549 22.7073 21.5383 24.4785 25.0471 22.31 22.2124 22.734 23.364 25.7588 24.9093 23.2665 26.6671 25.5089 22.5899 24.7246 26.0715 22.02 20.9137 26.9609 25.5584 23.9023 24.9382 22.7544 27.3838 23.3158 23.2958 25.1745 22.4212 26.9792 24.9421 25.5248 24.9664 23.8499 23.6182 22.9893 26.4228 25.2987 23.2563 24.2635 24.6225 25.1394 24.3918 22.8045 22.5429 23.83 24.4466 24.5494 23.2617 25.7133 25.7634 22.9255 24.9408 23.689 22.8039 26.2429 24.7994 26.0202 23.7834
23.9141 25.254 24.1299 23.9136 26.6396 24.1034 23.3578 21.8223 22.2156 23.2296 26.2956 21.4386 23.4852 23.9329 23.1106 25.3249 22.5656 26.016 23.2023 23.4197 23.0177 24.6536 24.99 24.2297 21.599 23.3686 24.6575 21.8958 20.6662 25.5805 23.4666 24.3129 23.9501 24.6873 25.3914 24.6607 21.6126 25.1822 25.5175 24.8345 23.5649 23.0096 22.9978 23.1884 23.7113 23.964 20.9282 21.282 22.499 22.5064 24.7168 26.0679 22.4933 26.0038 25.3349 22.6893 22.7611 26.1685 22.9745 21.0343 24.2488 26.101 24.1741 23.8453 22.3636 27.2221 23.637 24.088 24.825 23.1474 25.7393 22.4983 23.8264 26.7741 23.3242 24.7486 22.1313 23.5647 23.4917 24.414 23.1062 22.3675 24.3504 25.1453 22.2568 20.6996 23.1581 24.9189 24.4192 21.7457 23.7956 25.9448 22.8712 23.037 22.5435 24.0122 24.3133 24.7373 24.4253 23.0149
25.6061 27.029 25.8991 24.5086 26.0876 25.3304 25.5432 23.0277 25.0005 25.3999 25.9018 24.7904 25.0185 25.217 23.3721 26.1225 25.0398 27.1522 25.2081 23.8162 25.7698 26.7314 25.13 25.0975 22.8713 23.6747 24.5871 25.6676 21.9953 25.0658 24.325 25.6457 23.4423 24.2252 25.3674 24.8804 22.1607 25.8426 25.1461 24.0233 24.6812 25.4006 24.4652 22.7726 25.3811 25.9499 24.2091 22.0995 23.7036 23.2796 26.4325 26.0386 22.4435 28.0291 25.6268 22.6827 23.6469 24.6764 24.7149 22.1573 24.9076 25.9063 23.4057 24.4258 24.2329 26.7402 23.5169 24.3648 24.6996 23.111 27.3038 24.5149 26.631 26.2808 23.9187 25.4876 26.2439 25.1658 24.7555 26.8124 24.8021 25.488 26.4921 24.6292 23.4102 22.5683 24.535 26.4339 25.3198 24.7507 25.4506 27.2213 23.0134 24.9271 23.4032 24.4677 26.925 25.6555 26.5974 25.0522
27.5258 28.3826 24.9801 25.4412 27.0368 24.627 24.823 23.2088 24.6929 26.386 26.2074 24.2399 25.7899 25.4127 25.1863 25.8142 25.8755 28.9116 23.8192 24.3644 25.2314 27.3278 26.1523 28.0972 23.4179 23.6804 26.2095 24.1785 23.5149 26.893 25.4926 26.6928 23.6918 25.2117 25.8935 25.6115 22.5191 27.1507 26.5649 25.6804 23.9509 25.461 25.0301 23.7089 25.2944 25.8732 23.4335 22.4517 26.1095 24.4835 26.9317 24.4242 23.6385 26.4177 26.9342 24.5974 25.7891 25.5332 24.6355 23.0255 28.266 25.584 24.0685 25.4674 23.0724 26.9837 24.628 25.4612 25.1323 23.1179 26.693 26.4438 24.8408 27.2222 24.9035 25.1871 24.6542 27.8332 25.3752 24.3898 24.478 26.5729 27.2328 24.9926 23.1896 22.9904 25.5052 24.6338 26.9884 24.1182 26.0474 27.4323 22.9244 26.1133 25.5157 23.7855 27.058 25.7381 27.9623 25.0078
23.1584 24.6382 23.3272 21.2078 25.214 23.5591 22.3996 22.6522 20.5346 22.2366 25.0363 21.9655 24.2363 22.6536 22.2855 22.9573 22.0705 23.2953 22.9347 22.8196 21.6452 22.5351 23.0167 23.9404 20.3672 21.2708 24.5376 23.7014 20.9822 24.5847 22.2576 23.6363 22.7797 24.5368 23.6626 22.5196 21.1051 25.4037 25.1759 23.3563 22.4247 22.4433 21.0546 21.0886 22.7159 24.5464 21.2119 20.0861 20.8512 21.3631 24.1893 24.3267 20.9003 23.3387 24.2975 22.9877 22.7726 23.4353 22.0168 19.3729 25.3583 24.1939 22.0326 21.4661 22.7353 26.4851 23.126 22.8083 24.0172 20.8559 25.0473 22.9109 23.5884 24.2505 21.3042 23.972 21.7063 24.0114 21.8827 22.0468 22.0189 21.4349 23.2417 24.3187 20.7885 21.3225 24.6229 23.4911 22.9055 22.522 24.3632 24.4441 21.6212 22.5618 21.0838 21.7789 24.5157 24.5813 24.323 23.6019
26.1412 28.7104 26.829 25.5021 28.6919 25.1333 25.1141 23.1771 25.8984 26.2852 27.8359 25.7021 27.1326 26.2019 25.3165 27.2893 25.5584 29.5782 25.4451 24.129 24.7041 27.2921 24.5252 25.1855 23.9848 25.2648 29.4027 24.8492 23.3058 26.7976 26.7448 26.498 26.3389 25.3277 27.6026 25.3203 23.4399 27.2152 27.207 24.6911 26.2106 26.4231 25.4431 24.203 24.3369 26.5523 25.2582 21.7957 26.7221 24.5769 26.7957 26.0395 25.4572 28.2016 26.0505 25.8965 26.4755 26.9744 25.0236 23.2972 28.0634 27.8405 26.5102 26.2129 24.968 27.7786 27.1374 26.0088 26.6187 25.3449 28.1596 26.062 26.3771 28.7367 24.874 25.9095 24.8077 27.3111 26.0454 26.187 25.6979 26.5997 27.2426 27.7674 22.1469 23.3027 24.7259 26.7253 27.7965 25.5502 27.4822 28.3369 24.2066 25.5396 25.4523 25.7187 27.1393 26.2756 26.9868 25.5959
29.1306 28.497 27.2275 27.4424 27.7294 29.6995 25.1667 26.2619 24.209 26.5258 27.5184 26.5865 28.6298 25.2028 27.7278 28.619 26.2736 27.6402 25.9693 26.7334 25.5852 27.4568 25.0696 27.5709 24.1031 27.7979 28.4911 25.5927 23.9578 26.008 25.2721 26.9578 27.5455 26.7337 27.5495 26.1738 26.7553 27.259 25.716 26.5823 27.1508 25.8383 24.611 24.7887 27.1442 26.6525 25.7149 23.3999 27.1757 26.2566 29.8404 25.1162 25.0246 28.8331 29.4393 24.149 25.9261 25.9317 25.1546 21.7361 26.7995 27.1241 26.6225 24.1751 25.9277 30.4325 25.8605 25.5899 26.616 24.8699 27.7769 26.4753 27.904 26.3863 25.8274 25.3921 24.2408 28.3691 26.8515 28.4833 26.1822 25.8404 28.1505 27.296 25.7477 25.0437 27.2966 26.7201 28.7307 25.3299 26.7842 28.8977 25.5474 26.2138 26.0577 26.9144 28.1808 27.731 29.1046 28.2862
22.7792 24.2967 21.8661 21.1244 23.6797 22.7371 21.5323 20.5014 22.5555 23.4273 24.3149 21.3617 22.8232 22.7983 21.8762 23.3612 22.9364 24.0021 21.7027 21.9767 21.6644 22.7775 23.4113 21.7117 21.6031 20.6727 23.141 20.0595 21.094 23.275 21.139 22.7605 21.1128 22.6391 22.4109 22.556 19.5571 24.082 22.491 22.9508 22.0018 24.6061 22.837 20.048 21.903 22.8865 21.4162 21.0655 21.5385 20.3658 24.7546 23.1156 21.6145 24.9546 23.2293 22.6971 22.1042 23.1464 20.7292 20.5869 22.7114 23.9741 21.3634 22.2366 22.3326 24.4334 21.3918 24.0671 23.3869 23.3732 24.4599 23.7294 22.0556 23.8399 22.4162 22.1679 21.7127 23.614 22.8268 24.2332 23.2378 22.4248 25.2021 21.1703 19.8233 20.5239 22.1211 23.2091 23.4621 21.1315 23.2615 23.9823 21.6596 22.1835 19.9943 21.8513 24.1936 22.641 23.4545 21.5464
27.1202 28.3592 25.862 24.8291 26.8894 25.4 24.8258 23.16 24.8451 26.9195 25.4915 25.0347 25.8314 26.2513 26.1405 27.2797 25.6901 27.4432 22.6942 24.5629 26.0117 26.3642 26.9599 28.2181 24.0836 23.3396 26.9348 23.9205 23.7751 26.7753 25.0085 26.2629 23.5764 26.3121 27.2394 24.6473 23.0862 28.6688 25.9507 24.9261 24.387 26.141 25.3112 23.4628 24.6882 26.1946 23.5895 23.3952 24.9306 24.8245 28.482 26.0083 23.5455 27.9755 28.013 24.0326 25.6925 27.2892 24.8018 22.7927 27.7187 26.863 25.3204 26.2061 27.7075 29.4825 25.03 27.3729 26.3832 23.9874 27.3695 26.3479 26.5133 29.9582 24.4838 25.5591 25.0083 27.6195 26.5058 26.3261 24.3904 26.1007 27.0616 26.856 23.3542 24.3077 25.1851 27.4092 26.8552 26.8003 25.818 28.5154 22.9797 26.531 25.2533 25.8844 27.1373 28.3057 30.0212 25.1565
25.2715 28.315 26.7179 25.4861 28.073 26.8698 25.336 25.7333 23.9622 25.1199 28.5744 23.8664 24.9721 24.5853 26.1263 29.1085 26.094 28.2781 23.9375 25.96 25.1462 26.7463 24.7965 28.4958 22.8987 23.8945 26.7002 24.5019 22.3404 26.4006 23.7918 24.7145 24.9935 25.4293 25.7978 26.9208 24.0675 26.0083 25.591 26.3439 24.435 23.462 23.0911 23.9894 24.5773 25.338 23.1914 23.7171 24.3312 23.375 27.9988 25.1489 24.2586 27.662 28.4514 24.507 25.0721 25.2379 24.6405 22.0574 27.1013 26.7561 26.0534 25.5556 24.1815 30.2441 25.4748 26.1051 26.9722 25.2088 29.0849 27.1572 27.253 24.3297 23.5429 26.2021 25.5171 25.6457 24.7829 26.183 24.6612 24.9962 28.8091 26.389 24.5784 23.6954 24.0674 27.4724 27.363 24.5682 26.6534 28.2749 24.0962 25.5895 24.7154 25.0526 27.3725 27.7219 27.0316 26.8181
25.0375 29.5795 27.3249 25.6363 30.0614 27.7421 24.6051 24.4599 26.3766 26.2962 28.5306 25.7119 26.1868 27.1496 25.1023 27.9436 27.6779 29.7206 26.5659 26.3192 26.8486 28.0292 26.6899 26.746 24.2639 27.0958 29.7836 26.026 22.6912 27.5581 26.9097 26.3234 27.578 26.6412 26.6003 27.354 24.5047 28.31 28.6307 24.9376 26.5684 27.0999 25.6966 25.4631 25.725 27.6739 25.782 23.1446 25.8742 24.0376 28.3855 26.5349 25.4208 29.8509 29.6623 26.4618 26.0849 28.0201 26.2305 22.1947 27.222 30.0109 26.9068 24.0966 25.5526 29.1202 26.2316 26.1569 27.9854 26.1627 29.6452 25.6449 26.8454 27.4948 24.3477 28.649 24.3985 26.6575 27.9053 29.2911 25.1621 25.2925 27.0085 26.8567 24.435 24.7862 27.9728 27.7358 29.4622 25.7834 27.8062 28.9208 24.2371 26.566 26.1034 26.0997 27.2697 27.9209 29.7901 25.5631
25.2128 26.2949 25.4334 25.0253 25.9457 26.0166 24.0902 24.2292 23.3397 24.3188 27.0102 22.9901 24.7964 25.8345 25.4171 26.1527 24.6325 27.4323 24.8727 24.8566 23.8019 25.8427 25.2583 26.5022 23.2404 24.2236 26.9156 23.1525 24.3505 24.3743 22.9936 26.1887 24.3357 25.6064 25.2584 25.3507 22.6877 25.0408 24.9085 24.5772 24.4315 24.9206 23.8265 25.227 25.0119 25.9318 22.8899 23.0738 24.0916 23.6993 28.0611 24.6359 23.7898 27.1389 27.6606 24.1737 23.8769 25.6976 24.4101 21.5891 25.0181 26.5521 24.1128 25.7461 25.3168 28.488 22.292 25.7644 25.6096 23.7191 26.0016 25.4392 25.323 26.4056 23.8627 26.408 23.7766 25.6834 24.8814 26.0153 24.8966 22.7118 26.6881 25.3364 22.7201 23.0308 24.855 25.431 28.1412 23.7685 25.6733 27.0162 24.2084 24.9976 25.0712 25.6636 26.9357 27.988 26.7932 26.0329
25.4721 27.1179 26.2536 25.254 27.0517 25.928 25.0825 24.5827 23.0519 24.0367 26.348 23.9437 25.8703 24.753 24.906 26.9891 24.5256 26.0888 26.4453 25.2335 24.6501 26.664 24.7961 26.7618 22.6483 25.1253 26.8884 24.5155 22.6896 26.4169 23.938 25.7806 25.2542 24.9689 26.1938 25.9444 24.1383 25.7549 27.6911 26.1444 24.2591 24.2993 24.2457 23.7491 25.8778 26.6783 24.7522 22.801 24.8496 23.9904 27.3764 24.2394 23.5728 26.7094 27.1559 24.6652 25.8592 23.2151 23.7585 21.7293 26.0582 26.2892 25.8192 24.6156 24.721 28.4812 25.1814 26.0049 24.7191 24.0193 27.1488 25.271 26.892 26.2921 23.2589 26.4269 24.0187 26.3195 24.9669 26.9854 24.9617 24.6911 25.9064 25.4599 22.2785 24.5649 25.0713 27.4729 27.3656 24.6651 25.2042 28.2158 24.0099 25.4239 23.8261 24.7181 28.2698 26.6291 26.9845 26.4487
25.8706 26.5838 25.6652 24.8412 24.7229 26.5233 23.9222 24.2365 22.5413 26.2465 27.1023 23.5789 26.4949 25.9611 24.4362 25.2354 24.51 28.0355 24.6704 24.9007 25.2027 25.9819 25.1601 26.7901 21.5305 24.8487 26.3943 25.2415 22.6264 26.8285 23.9701 25.8416 26.7699 25.2186 26.9562 24.7175 23.1902 26.4994 27.0513 26.108 25.163 23.6421 23.2892 22.0718 26.3676 23.4999 23.5327 22.5461 24.1848 24.5682 26.7747 24.1709 22.6624 27.0824 26.1774 24.9851 26.2328 25.8818 23.2716 20.8944 26.4052 26.2476 26.1301 23.3503 24.8554 28.4308 25.645 24.2924 25.6014 24.4266 27.6109 24.666 25.821 25.9204 23.9853 25.7181 24.2568 26.3999 26.3818 25.7885 24.84 24.7667 26.9003 26.6341 24.8025 23.3021 26.1836 26.434 25.4669 24.2406 26.7347 27.5852 24.1239 24.8849 24.5733 24.2497 26.9688 26.4084 26.6609 24.9438
28.5176 28.3324 27.4147 25.3837 28.2011 25.8079 26.3869 24.8419 25.2127 27.295 27.247 24.4894 25.9808 26.1272 25.9736 28.5959 25.0054 29.173 24.6026 25.3337 26.7077 27.3953 27.9169 27.4752 24.5737 26.661 27.3904 26.3373 21.8236 26.3078 25.7981 26.2141 27.18 26.6777 28.8755 27.5508 24.8727 27.6318 26.1189 27.0373 25.0118 25.5536 25.5322 25.2411 26.2604 27.5989 24.3075 23.9497 25.4479 25.2183 28.779 25.3657 25.3486 27.848 28.2085 25.4076 25.379 26.5174 25.5276 22.2917 28.1886 27.9803 27.5062 26.1341 24.9782 28.9885 25.3762 26.0881 27.1655 25.9115 26.9945 25.8169 28.6736 29.1651 26.6307 26.9028 25.1298 28.1188 25.9434 27.2209 25.1957 26.6238 27.2203 26.5172 25.302 23.9612 26.53 27.5317 28.0936 24.2891 26.3837 28.47 24.4136 26.0996 25.0437 26.3323 28.5453 28.433 28.7813 27.0328
23.9053 25.4677 24.4483 24.0974 25.0532 23.866 24.9772 22.4307 22.5105 24.6323 25.3485 23.5369 24.0727 25.0232 22.7554 24.7889 23.4871 26.3202 22.9418 20.5921 21.7954 25.0681 25.1355 23.3822 21.3328 23.1329 23.7727 22.8905 20.4713 24.8381 22.6623 23.43 22.936 24.7203 23.6355 24.6018 21.9809 25.5906 23.9074 23.3904 23.8518 24.109 20.4359 22.1673 24.3259 24.1582 21.7531 22.2696 22.6566 21.0801 25.6061 24.7016 23.3384 25.1141 25.1335 22.6697 21.9877 24.2816 21.8575 21.1624 24.0328 24.5612 22.925 23.7537 23.2605 25.5922 23.1259 25.3888 23.6946 23.6194 25.2979 24.8351 24.9915 25.2649 22.9737 23.6276 22.8951 23.0924 22.4016 24.6814 24.2865 22.2758 24.118 23.4333 22.1332 20.6818 22.24 24.1453 25.9174 22.3283 23.5966 26.0599 21.9119 23.1698 20.6624 24.1124 25.3681 24.2558 24.4889 24.5918
24.107 24.8753 25.2759 23.1147 24.8638 24.1138 24.0639 22.1026 22.4941 25.8085 26.5989 22.8036 24.8684 23.7807 23.6268 23.7261 23.6856 24.5047 23.6039 21.277 23.3417 24.2385 24.8419 23.2313 20.9438 23.1559 24.9496 23.1241 22.8634 24.0521 24.5206 23.4675 23.9527 22.8172 24.4099 23.0495 22.0053 25.485 24.4931 23.2358 22.1022 23.6639 21.7245 21.1533 23.327 24.5398 21.1144 21.4332 23.8934 22.5925 24.7328 22.4912 24.5988 26.2121 24.011 23.6721 23.9654 23.5492 21.1523 22.3303 24.5997 24.2831 24.138 22.5799 23.5405 25.3847 21.6209 23.2338 24.0845 23.5787 25.9739 24.1666 23.5749 24.3288 22.4036 22.4226 23.1413 24.3039 24.2892 23.3104 24.8959 24.1168 25.4672 23.0238 21.0109 21.3309 22.1484 24.4094 24.3123 22.6629 24.1331 25.8375 22.7378 24.0834 22.4256 22.482 26.7343 23.7954 26.032 23.4327
25.1417 24.5864 23.071 23.0442 24.4391 22.9592 21.6099 22.9334 21.7332 20.9541 23.7854 21.7819 23.9978 22.6468 22.8835 22.3754 24.6441 24.3979 22.2101 23.8669 22.3109 24.8399 23.4455 25.1229 20.9772 22.6038 25.4031 20.6514 20.6068 23.3484 22.5072 24.0104 22.3363 23.646 24.1913 22.9247 20.6309 24.1403 23.9318 22.9608 21.6862 22.8818 21.336 21.4466 23.1209 23.1105 21.96 20.5942 23.1677 22.1458 25.4886 23.2585 22.1176 25.3785 24.3994 22.5164 23.7348 24.0863 23.5213 18.7633 27.0643 24.6756 24.1213 22.6412 21.5849 26.275 22.5582 24.1958 25.2956 22.3534 23.6176 23.1109 24.7735 25.2005 23.0461 23.3992 21.7071 24.8715 22.2014 23.5476 23.0489 22.2888 25.1679 25.1276 20.0783 23.0603 23.6032 25.5555 25.4765 23.8907 23.4365 26.026 20.6471 23.2915 22.0878 21.5619 24.4472 25.5989 24.9856 24.3526
24.3177 25.3449 24.2412 23.2177 25.7142 23.8839 23.0588 22.2789 22.6261 24.8331 24.8896 21.7545 23.497 23.2837 24.0373 25.5973 23.2778 26.6605 23.3926 23.7971 23.519 24.7852 23.9864 25.5895 20.6747 23.3371 24.7074 21.6216 21.4848 23.6271 24.7885 24.0566 23.7594 24.8209 24.2606 24.0735 22.6224 25.8632 25.2943 24.3683 23.0686 23.8948 21.7776 22.8831 22.9577 23.81 23.597 22.1235 23.2223 21.4018 25.7893 22.8025 22.348 25.566 25.4316 21.9884 22.5395 23.8093 23.6595 20.6736 26.8027 25.5827 23.6446 23.6412 23.3034 26.6402 21.6261 23.2174 24.2096 21.9442 24.5055 23.6997 23.9993 25.1593 23.4546 24.0565 23.1275 23.1066 23.4026 24.1162 21.5604 23.1913 25.7495 23.4798 22.0041 22.5994 23.4764 24.8631 24.5223 23.1043 24.6649 25.7955 22.9562 22.4673 22.6364 22.24 26.5588 24.5961 27.7791 24.8294
23.4996 25.236 25.4471 23.8316 25.7169 25.1255 23.642 20.8161 23.2952 24.1499 26.5521 22.8813 25.4876 23.1372 22.8065 23.894 24.7963 24.9931 22.9752 23.1958 23.6841 22.3902 24.9762 23.9736 23.4496 24.0258 26.9598 24.3102 21.8521 24.4604 23.4332 24.8685 24.3698 24.7201 25.1385 23.9574 22.5683 25.2527 25.0202 23.9155 24.1939 23.589 22.9929 21.209 23.5627 25.5859 23.1036 22.208 23.886 24.3253 24.636 24.3257 23.0263 24.7223 25.975 22.7227 23.8596 23.4275 21.9119 21.3799 24.2403 26.7662 25.7517 24.1849 22.5674 25.6375 24.1471 24.6889 25.1182 23.3323 25.2211 25.1092 25.042 24.5132 22.5549 25.9913 24.1685 25.0761 24.7859 25.2705 23.8794 25.3495 24.2814 24.5496 22.0267 23.7466 23.3293 24.0186 25.555 22.9952 24.727 25.2055 22.7277 25.6265 23.0689 22.8124 26.4782 24.8983 25.9053 23.5557
23.7779 25.6084 25.8528 24.4166 28.1243 24.2515 24.9413 23.3285 23.5337 25.6394 25.9408 23.5073 25.9129 23.5741 24.8755 25.5121 23.7831 25.5772 24.7502 24.0418 23.1861 25.5817 25.5511 25.2873 23.7145 24.5914 25.7235 24.3063 21.3818 25.1197 23.6314 25.3021 25.0618 24.4248 25.8822 25.4221 22.5732 25.5045 24.4222 24.7346 25.6516 24.731 24.2119 23.3672 24.6194 26.653 24.3079 22.4037 24.2598 23.439 27.9955 25.7111 25.3611 26.5682 25.2205 24.0555 23.7629 25.9093 24.399 21.0708 23.9921 26.3848 22.5595 25.4036 23.6344 27.0014 24.9255 26.7725 25.0307 23.6236 25.8566 25.2434 26.4361 27.1016 23.278 25.9125 26.1668 26.4241 24.1676 26.5275 25.3899 23.9454 25.7901 25.1051 21.2346 22.7452 23.7453 27.2742 26.804 23.4597 25.3373 26.2197 23.5002 25.4335 24.1386 24.3657 25.36 25.2629 25.7569 25.4391
25.673 29.4759 26.7319 24.7194 28.194 27.0809 26.0097 24.0947 24.1813 27.2011 27.7054 24.4523 26.5291 25.9539 25.1351 26.0906 25.4494 26.8436 24.2322 24.668 26.0479 27.6366 27.353 26.1534 23.4824 24.268 26.5429 25.5675 23.8803 27.4786 25.1071 25.7381 25.9873 25.6952 26.1409 24.8202 23.9937 27.2119 26.9976 26.1751 25.9939 26.6903 24.5491 24.0142 27.5295 25.8957 22.7855 23.1805 24.4316 26.4678 27.1434 26.0059 26.0461 27.0515 28.3186 25.5531 24.6902 27.1122 24.4425 22.1769 29.5243 28.6405 25.7957 24.414 24.939 28.0505 24.7144 26.3787 26.1659 24.5848 28.036 27.17 25.872 27.8089 24.66 25.5599 26.3397 26.3317 26.817 24.6154 26.1495 25.5014 26.9047 26.288 22.4755 22.839 25.328 26.4871 27.4128 25.9192 27.4678 27.8883 24.076 25.1864 23.9727 24.59 27.3185 26.5363 27.8601 25.0601
25.304 24.6122 25.2115 24.7113 25.1625 24.1574 23.124 23.8019 23.6457 23.8328 26.2863 22.2399 23.2255 23.331 23.5963 25.4674 23.0932 25.1433 24.8665 24.2342 23.487 24.9232 24.0015 25.9205 23.1748 23.1768 25.5181 22.6195 21.8611 24.1076 23.3593 24.5199 23.0811 25.5611 25.7923 23.6267 20.6015 24.9182 24.3081 22.8442 24.4042 22.5398 23.0927 22.6391 22.9329 24.4919 22.3789 21.2749 23.0366 21.2275 25.4592 23.6123 23.0363 26.1925 26.5154 22.7465 24.2228 24.348 23.8093 20.7978 25.4064 25.8264 23.8101 23.9993 24.4573 27.3045 23.4795 24.0063 24.4013 23.8783 26.1858 24.0429 25.1966 26.0764 22.1668 24.7283 23.4988 25.6431 25.2375 23.6309 24.1278 23.9971 25.7005 24.7792 22.0389 22.0047 23.9447 26.154 25.3675 23.6878 24.8013 26.5323 21.3125 23.9695 23.5837 24.3985 26.2194 26.2202 25.4307 24.859
25.6967 28.1687 25.1087 25.7003 27.6037 25.7252 25.7825 24.2903 23 25.1375 28.0849 23.5031 26.2461 25.1443 25.804 25.7435 25.4144 27.8311 24.0468 23.858 24.2519 27.4763 26.9125 26.1675 23.1647 25.1138 26.1261 23.112 21.4101 26.2555 25.1597 25.5596 25.5324 26.0943 26.6005 25.928 23.9366 26.5206 26.3469 27.3732 23.2894 23.2865 23.7973 22.2668 25.2595 25.8011 24.3095 22.2574 25.9921 23.5695 25.94 24.4379 24.866 26.1357 26.0193 25.064 26.1179 26.4384 24.9357 21.8588 27.4241 25.5876 24.4849 23.8732 23.4499 27.8365 26.391 27.0209 24.7581 23.792 27.1145 24.9899 25.1594 27.0168 23.809 25.5288 24.5463 27.8103 24.9953 25.7973 25.983 25.6527 26.1377 25.5078 22.708 23.8995 24.3292 27.0481 27.1623 25.6571 24.1752 27.8727 24.1947 26.8175 25.807 24.6454 24.6262 26.3988 26.8215 25.4253
26.5639 27.407 24.4631 22.541 26.6147 25.0933 22.4551 23.181 22.7111 23.9788 24.6133 23.783 25.8795 23.5607 24.4477 23.5809 24.7769 26.4665 22.9214 23.852 23.6541 26.5176 23.4259 26.1362 23.4328 22.8853 25.0222 23.9922 21.3276 25.1038 23.1725 25.3254 23.7981 24.0152 25.8875 23.8206 22.6452 25.1675 26.3292 24.758 24.7174 24.6683 23.0668 22.3324 25.6667 24.9155 22.8527 21.4478 24.7583 23.5973 26.4678 24.5093 23.1637 25.8625 26.7592 22.6013 24.9691 25.6559 22.2571 18.7063 26.1918 26.6158 23.3055 24.6879 23.4686 27.9379 23.9752 24.4842 25.6855 22.7743 25.0934 25.1977 24.1567 25.7139 23.006 24.4183 23.3363 24.9321 23.0504 25.0285 23.9488 22.6626 24.8148 24.4126 22.7514 21.8709 24.2411 24.6392 25.1549 23.6325 26.1949 25.2004 22.2777 22.8864 22.4053 22.2724 25.655 24.854 25.6957 23.6387
25.3018 26.4525 23.4387 23.6654 25.8985 25.2065 21.9158 22.9862 22.8416 24.2994 23.6623 22.4106 25.8025 23.8504 23.9981 25.0739 25.0997 25.0132 22.4035 23.0506 24.0276 24.904 25.0412 25.74 22.275 22.0839 24.7396 22.5468 22.1028 23.9261 23.5059 24.4243 22.8448 22.2091 24.5316 23.2676 21.8759 25.871 24.1291 22.408 23.8879 24.4202 22.7702 22.3953 24.2767 24.6121 21.3503 20.9675 23.7011 23.3203 25.2877 24.4906 22.3564 26.3997 25.6362 21.8775 22.4456 25.0761 22.4524 20.9709 25.4406 25.1227 21.6507 22.8321 22.8974 26.2647 21.6948 23.9064 24.0613 22.8552 24.0187 25.104 25.3833 25.3083 22.7111 22.9889 22.9132 24.0978 24.489 25.3835 22.7071 23.1011 24.6612 24.3946 21.9279 22.4032 22.9106 24.1088 25.3792 23.4932 24.6384 26.1444 21.2623 23.9922 21.5671 22.2464 25.3329 23.3781 26.6396 24.5214
24.7037 26.5232 25.5993 25.4897 28.9112 25.7745 23.6287 24.6076 23.1917 25.0283 25.6713 24.9247 25.6762 25.4932 25.8084 26.7831 26.3706 27.5156 24.3436 23.3574 25.1977 28.8966 25.8631 26.7283 23.9065 26.256 25.4133 23.8994 23.8703 26.2714 23.1783 25.255 25.1479 25.8501 25.4117 26.3019 24.4987 25.797 25.7545 27.1818 23.5377 24.6955 24.9373 24.0997 25.7746 25.0821 23.9284 22.5901 23.6529 24.182 28.1512 26.476 24.5035 27.7675 26.2097 24.5367 25.7393 25.7867 23.4138 22.0931 26.7642 26.1594 24.5261 24.92 24.9135 28.702 25.2539 25.2543 25.1525 23.8752 28.2473 25.6573 25.0385 26.4131 25.6273 23.8772 23.1359 27.7583 23.2339 27.6498 24.5132 23.6707 27.2409 25.1821 22.6874 22.2623 24.7326 26.9135 26.7637 24.1872 25.3713 28.8346 24.3566 24.8553 24.2162 24.5987 26.5561 25.6076 26.7022 25.8007
26.911 28.6208 25.9226 27.3077 29.4895 28.7237 25.2966 24.9383 25.1019 26.4965 26.9601 24.5142 26.925 27.1621 27.4607 28.129 27.1675 27.8579 24.9624 26.9329 27.4314 27.3492 27.3962 28.1111 24.9337 26.0073 26.4508 24.2632 23.4083 27.7942 23.8622 26.9857 26.3543 26.2599 27.4723 26.43 24.0175 28.8457 26.3162 27.2196 26.6604 25.7595 26.0278 24.5775 27.6609 26.4399 25.1541 24.1076 25.5569 25.1754 28.903 27.5607 25.1317 28.5339 27.4662 24.1224 25.2682 25.6198 26.0146 23.1551 26.5305 28.0157 25.305 25.8072 25.8374 32.2391 25.2958 27.5515 27.6505 26.0664 28.5164 27.8808 27.5801 27.6365 25.8594 25.5154 25.3339 27.6653 25.3067 29.318 26.2701 25.293 29.8759 27.9884 23.6267 23.5118 25.6939 27.7859 26.6086 23.7259 25.2847 28.9282 25.604 27.0724 25.6793 26.1349 27.8672 28.0769 27.7784 26.9408
24.4365 25.0855 23.2596 22.5214 25.9985 24.8164 23.0365 22.0148 23.301 23.0093 25.4252 20.7509 25.1807 22.1977 23.1859 24.9981 22.7564 26.5562 23.6822 25.5945 23.5551 23.8724 24.2087 25.9357 22.1936 23.9289 25.6131 22.0955 20.918 23.7961 23.5368 25.7231 24.3684 24.7772 25.9662 23.7228 21.4455 24.4612 25.3023 24.9696 24.5521 22.7308 21.6576 22.8827 25.2255 23.2431 22.574 19.8054 24.175 23.6178 24.6331 23.6931 21.6934 23.6095 26.8615 21.8023 22.6043 25.0584 22.8346 20.0054 26.248 24.332 23.3249 22.6513 21.4142 27.084 22.9029 23.6238 24.3205 23.1698 25.482 24.702 23.8652 23.1546 22.7156 25.3947 22.9499 23.908 24.1618 23.4488 23.5877 23.7355 23.5343 23.6808 22.0425 22.8211 22.746 25.1126 25.2482 22.5226 24.5636 26.7749 23.1222 23.6983 23.1494 22.3052 26.1089 24.2802 25.7814 25.2194
24.8626 27.9157 27.5202 25.9665 27.472 26.428 24.2918 24.0795 23.3919 27.1796 27.4442 23.4724 24.8528 25.4075 24.6911 26.7852 24.332 25.9984 27.0579 23.7094 24.8273 26.4799 25.3392 26.2935 24.2984 24.443 25.5059 26.8572 22.0051 25.845 23.8309 25.7339 24.4933 24.2587 26.3284 24.4011 24.4661 25.1635 26.2938 25.7148 25.5243 24.1266 24.6556 25.3279 25.6686 25.7185 23.0971 22.8657 23.7581 23.2271 27.3655 24.7222 25.4912 28.5519 26.1882 23.4141 25.7475 25.3655 23.4889 21.5694 24.7199 27.4496 25.4775 24.9915 24.8292 28.6376 23.7979 23.9452 25.9976 23.8673 28.2195 25.1123 26.838 26.2679 22.8395 24.8692 25.1757 25.4733 25.1379 24.8853 26.1819 25.3944 27.4368 27.1005 24.5968 21.2489 24.5405 27.2637 26.2376 25.2262 25.6569 28.8635 24.6098 25.0783 24.1203 25.073 28.4832 26.4519 26.1996 23.8975
25.4009 27.235 24.1724 23.8836 25.2654 24.4867 23.8212 21.9847 23.3605 24.1154 25.3665 23.6988 25.2106 24.1873 22.6837 25.817 23.8346 26.2457 22.6134 23.2115 23.1003 25.5591 25.5527 25.8939 21.6977 24.2609 26.5339 23.1293 22.5428 26.4156 23.7183 25.7467 24.3384 23.4569 25.6783 23.9218 22.1443 25.8504 24.8898 23.0782 24.1747 25.5623 22.5648 21.47 24.308 25.3845 22.0262 21.4676 24.0592 21.8911 25.2862 25.0679 21.4858 26.8998 26.8012 23.6692 25.2309 24.021 23.7814 22.4274 24.3006 25.7363 22.9639 22.315 22.3094 26.0511 23.1988 24.8183 24.7345 24.1487 26.2027 24.1052 24.3979 25.7712 23.9184 25.1556 23.7047 25.9139 24.7432 25.6575 26.9642 23.458 25.0458 24.9312 21.514 22.8323 24.8548 25.5924 25.0691 25.2396 24.2341 25.0186 23.7988 25.3142 22.7981 23.3564 26.7432 24.2529 25.8928 24.1497
28.7332 29.4301 26.3164 27.9839 27.9221 28.0301 25.8279 25.7101 26.716 28.8151 27.8909 25.3771 28.8412 25.5408 28.4649 28.8882 26.5873 29.8449 24.7883 27.0306 26.962 28.0967 26.9381 29.6858 25.8162 26.1302 28.0116 25.0488 24.8369 26.8113 26.7061 26.882 27.8946 28.2004 30.1554 26.273 25.3774 29.4867 26.2556 27.1337 26.9149 25.9536 25.8258 24.7866 26.741 27.8734 23.7474 23.2833 27.1916 25.8734 29.4728 26.8966 25.9157 28.7133 30.8554 26.6413 26.5412 27.4926 25.8876 23.7823 29.0931 28.3782 27.684 26.2988 26.8257 29.7341 25.1271 29.1891 28.2266 27.1185 29.3633 28.3933 27.5603 28.5772 26.0824 27.4592 26.2122 30.0512 27.722 27.0321 27.5389 28.0767 28.4152 27.4243 24.5795 24.9828 25.426 27.7524 28.6825 26.5484 27.9255 27.8553 24.6912 27.2185 25.6115 27.6078 29.1851 29.6939 28.9739 28.9794
27.5378 29.2878 27.9739 25.5301 29.725 28.6851 27.7012 24.7 25.3969 26.1846 29.4029 24.6629 26.2324 27.0068 25.6877 27.8886 26.2069 29.2835 27.139 27.6665 27.09 28.1061 27.6301 26.9655 24.4252 26.9658 27.9338 25.4379 22.7046 27.4947 27.9345 28.7407 27.4182 26.9765 29.911 27.349 23.6826 28.8744 29.3923 28.4496 25.793 26.1163 25.6928 24.6231 27.3721 27.3252 25.582 24.0019 26.1398 25.9136 28.0451 26.9915 24.921 28.5361 28.3205 26.2112 29.2897 27.6428 25.256 23.238 28.4686 28.1352 27.4889 26.9976 24.7586 30.0948 26.0733 26.848 28.7246 26.3722 29.3178 27.0377 28.936 27.5249 25.0924 28.8268 26.6491 28.2568 28.8988 27.6123 25.8983 27.8189 28.6974 25.6307 25.2113 25.1266 26.077 29.8839 28.7496 26.1091 28.258 30.6055 25.9778 28.5243 26.9263 25.3461 30.5725 29.0208 28.5751 26.1463
25.5774 26.2406 27.342 26.0412 25.1447 23.8757 23.5637 23.9025 23.9295 25.0266 24.8958 24.1124 25.4759 23.6605 24.5606 25.7722 24.0448 26.6092 25.1456 24.6054 24.9293 25.7136 24.6852 25.9633 22.9396 23.8128 27.071 23.7039 22.4499 25.5711 24.0807 24.0138 23.6555 23.9588 26.9491 24.5225 22.9938 24.5976 26.3299 23.8566 23.8799 25.1691 24.2143 22.2926 24.1746 25.3611 24.1391 22.2968 24.6788 22.7829 27.0468 23.3306 24.8688 26.6752 27.0172 22.8443 24.8572 25.1783 23.5504 20.7733 26.5538 26.5927 24.9699 23.8002 24.1429 26.8654 23.8618 24.8341 25.7343 23.6346 26.8507 24.657 25.0196 26.2242 22.8187 23.3881 23.1296 24.5484 26.3577 25.0881 25.3817 24.0169 25.3412 25.7346 21.5299 22.4143 25.0722 24.4841 28.073 25.2757 25.5256 27.4947 21.8948 24.0861 23.8691 23.2445 25.8839 26.821 26.7664 25.7227
21.2434 23.1671 22.3615 22.5148 22.2339 22.1997 21.8373 21.4349 21.6203 22.7623 22.858 20.1013 23.2481 22.9344 22.3751 22.9214 21.5066 24.9262 21.6978 22.2386 20.8883 23.0534 22.6755 21.6872 20.0309 22.4683 23.6024 20.3772 21.2597 21.2029 22.1093 24.4105 21.4057 22.6553 22.226 22.1656 20.1356 22.6434 21.4037 21.9185 22.2602 22.1726 21.8882 20.0981 21.9984 22.4832 21.0037 20.2077 20.8748 19.2347 22.5242 22.7762 21.5031 25.175 22.8757 20.4099 22.3651 23.7074 21.5172 20.7102 23.4637 23.2716 21.5742 22.9154 20.3762 24.2492 21.0579 22.6043 23.0071 22.0825 24.3835 22.4585 23.438 23.4349 22.2291 22.1535 20.9746 22.148 23.3054 22.4881 22.5889 22.5477 23.6548 21.5738 20.9252 20.1389 20.0578 24.3848 24.9208 22.2172 22.9302 24.493 21.844 21.4764 21.7558 22.644 24.2638 23.0177 24.2827 22.2096
24.3641 25.9349 24.0453 23.232 24.7151 24.6945 22.779 21.487 22.5618 24.1204 25.0181 23.0064 23.6487 22.7928 22.8513 26.0096 22.4629 25.0787 22.4645 22.803 23.5062 25.1837 24.7967 26.0276 20.1812 23.1484 26.0595 22.8697 20.594 23.3607 23.647 23.349 23.474 23.4326 26.3169 23.7572 22.46 24.3795 23.9626 23.4635 23.2406 23.6156 21.9094 21.4803 23.8645 24.1331 22.7271 22.7505 23.0649 20.0713 27.2452 21.19 23.6673 26.8282 25.4495 23.1294 24.6703 24.4283 22.2974 19.7949 24.9476 25.2366 22.3902 23.4023 22.2553 26.6763 24.6791 24.5317 24.7655 23.5085 25.3396 22.796 24.3784 26.0365 23.4337 23.7204 22.4473 25.4258 24.9895 24.776 24.5602 24.1075 24.1231 23.7101 21.5343 21.8877 25.6164 26.2539 25.9175 24.7931 24.3202 24.5847 21.165 23.7259 23.9484 23.5091 25.7485 25.6478 27.7706 23.4122
24.9507 26.9296 26.2653 24.2222 24.9819 25.114 25.0891 24.1122 22.975 24.5838 26.3459 22.4189 24.7627 25.4713 23.334 26.7053 24.9945 27.3883 24.4173 23.9599 23.8068 26.5532 23.8152 25.5876 21.2369 23.832 26.9808 23.7839 23.9694 27.1044 24.5162 26.3817 24.9414 25.127 24.0522 24.8768 22.6109 25.5855 27.4687 25.037 22.5746 23.8709 23.6451 22.538 24.7108 25.2857 24.451 22.1895 24.6654 25.0738 27.697 24.9122 21.7791 26.5167 25.5867 24.3911 24.555 24.7716 24.9839 23.0715 27.9901 25.5743 24.8804 23.7277 24.5712 26.3838 24.053 26.1554 24.1406 22.9312 26.4968 25.6647 25.0593 27.1393 23.8224 25.6411 24.3074 26.3575 25.6278 25.0811 24.0101 24.9975 27.1981 26.4801 22.637 23.2914 24.1508 25.3231 27.0655 25.0132 26.3717 28.8474 22.4715 25.1567 24.5161 24.9397 26.3012 26.8005 27.4833 26.4545
23.4896 26.4661 23.5895 24.1328 25.2133 23.0326 23.0398 21.8868 22.8715 24.0879 25.1434 21.7994 25.4624 22.2489 22.7142 25.0153 22.6537 24.8193 24.6688 24.3632 23.0968 23.3106 23.4118 22.7465 20.5124 22.9885 27.0302 23.8048 22.2938 24.3237 22.8733 23.7439 23.0732 24.3618 25.256 22.0901 22.4021 25.4315 25.0882 23.2255 24.2658 23.2743 21.9054 21.2437 23.5728 24.7595 22.032 20.6186 24.4275 21.0695 24.4762 23.7908 23.0435 25.4135 26.0204 22.5689 23.5809 24.3503 24.1404 20.1812 25.4012 24.7504 23.8543 22.6447 22.2244 26.1818 23.3091 22.5399 23.938 22.731 26.0859 24.0085 23.276 24.9994 21.8985 25.2487 22.9273 22.8708 24.1116 24.1525 26.1423 23.086 23.1614 24.5629 22.0822 21.6318 24.0211 26.0397 23.9664 23.8451 23.6547 26.7462 22.0837 23.501 22.2849 23.4024 27.1822 24.4235 25.7717 24.7884
24.4694 25.3578 26.3407 25.2169 26.3187 27.0112 24.9145 23.3082 23.8273 26.6705 26.0764 21.5751 25.3164 24.1621 23.2306 24.926 24.2502 25.5657 24.1613 24.1322 23.6501 25.056 25.3165 25.379 22.3653 23.3379 25.4552 23.7547 22.2825 25.7321 24.7356 25.8204 25.1082 24.8005 27.1601 24.4512 22.5763 26.3635 26.5689 25.6535 24.5017 23.7119 21.6196 22.4306 24.6638 24.3866 21.2687 22.019 24.1045 22.3884 26.3075 23.9686 23.8106 25.2218 25.6886 24.1067 24.4441 25.5885 23.5647 20.9916 26.0042 26.2306 24.2752 23.6526 23.8393 28.3053 22.6353 25.8692 24.7148 25.055 25.6372 24.7168 24.6552 26.06 22.1981 24.97 24.8505 23.1562 26.9739 25.5473 25.399 23.416 24.3256 25.0311 22.8436 22.1123 22.8587 26.8102 24.8195 23.7242 25.6875 26.5888 23.4383 24.136 23.7477 23.5567 27.1818 26.7819 25.5618 26.6006
26.5725 24.1289 25.5924 24.1158 25.0184 24.2978 23.5941 23.1859 24.6951 24.0672 24.5615 21.0865 24.2398 24.3212 23.3074 26.8171 22.9574 26.4322 24.7336 23.7857 23.7961 26.3702 25.2743 26.0127 22.2417 22.953 25.9594 23.3864 20.4735 23.7299 25.1627 24.3008 23.4085 25.8668 26.1295 23.2566 22.082 24.3401 25.6414 24.41 24.1778 23.1508 24.0162 24.3794 25.0335 24.0878 23.7703 22.4771 24.3757 22.4556 25.3181 25.4178 22.2043 25.7296 24.6044 23.2867 24.2931 24.4435 24.1206 20.1725 26.2904 25.6333 25.3008 25.3931 23.3117 27.2347 23.0822 25.8143 24.3802 24.3124 26.4218 23.9201 27.0133 27.4015 22.2968 24.9842 25.0563 24.2676 24.7537 24.5885 23.4365 25.3978 24.908 23.98 22.399 22.2604 24.0888 25.4979 26.2736 24.6994 25.2681 27.3238 23.6286 22.7152 23.6126 22.9285 24.7289 26.9994 25.2567 24.4427
23.8165 26.9755 26.1976 23.4988 26.4569 23.6435 22.1901 23.6452 23.7655 24.4475 25.4956 22.0398 24.3835 24.3683 23.127 25.821 24.0602 26.5633 23.177 24.6215 22.627 24.2875 25.4563 25.9981 21.887 23.9586 27.225 23.404 19.5691 25.9105 25.3375 25.3475 23.7489 24.127 27.4518 23.8508 23.1821 27.4183 26.7718 24.9885 23.3402 23.8153 23.8551 22.2889 24.2111 25.2786 24.1938 22.0655 24.1419 22.1457 24.4372 24.0355 22.4182 26.3152 27.188 22.5549 24.4709 24.6836 24.272 20.9189 25.7307 25.3468 25.6897 24.3107 22.4245 27.7839 23.471 25.2016 26.5888 25.2504 26.0174 24.9461 26.1469 25.5704 23.9902 25.0062 23.2903 24.2944 24.393 24.565 24.8882 24.412 25.3402 24.8847 21.8167 22.7164 23.751 25.5096 27.0423 23.9094 24.007 26.9983 24.6322 24.5638 24.0025 23.0813 27.884 25.1015 26.1811 25.905
22.6567 23.8823 22.812 23.6558 24.2558 23.957 23.069 21.3576 21.1965 24.1518 21.6707 20.9373 24.2303 22.3775 21.6623 23.0002 21.5154 23.5009 21.1093 22.6648 21.5708 23.4699 20.86 22.1163 21.2978 23.0073 23.4997 19.133 20.08 23.065 22.78 22.2067 23.1093 21.396 23.4718 22.0837 20.1723 25.1149 22.4112 21.3416 22.2705 22.6259 21.4174 19.3593 22.8292 22.1753 21.0105 18.67 21.6401 21.3016 23.147 21.4887 22.0303 23.4337 24.2771 21.3916 21.5712 23.4934 21.9958 19.1331 22.7014 23.066 21.9197 22.3036 22.5289 25.2682 20.5341 22.8985 22.617 21.2716 24.6084 21.8588 23.8495 23.3626 19.316 22.8557 21.2527 24.0685 23.6822 23.0469 21.916 21.7242 23.0669 21.5269 21.0546 20.8355 23.4432 23.7453 25.6569 21.6998 23.6369 23.1619 20.3167 24.1263 21.1976 23.5509 24.2695 24.0811 24.8885 21.8956
26.6151 27.8055 26.7696 26.2577 27.2318 26.3191 26.6069 25.5434 25.449 26.4775 27.3051 24.5332 26.3042 24.6015 26.4543 28.277 26.8035 28.3254 24.8948 25.5493 26.5549 26.7968 26.9941 27.4511 22.8157 25.205 26.3571 24.8104 22.282 26.5309 25.9605 26.4662 25.9493 25.5847 27.1392 26.593 23.7457 26.696 26.1811 26.5316 26.6591 25.2233 23.9471 23.6088 26.3906 26.2315 24.1819 24.1022 26.2248 23.866 28.8699 25.3572 25.4788 27.7368 26.8913 25.4547 24.8928 25.532 23.6219 22.2059 26.745 27.3456 25.121 24.6321 24.2124 28.1162 25.5211 27.3446 26.1776 25.6049 27.7503 26.4051 27.3147 27.2122 25.3087 25.6922 26.3627 27.104 26.4843 26.5756 26.1753 25.7485 27.3895 26.5315 23.6265 24.1348 24.7875 28.684 28.1647 27.7603 26.3148 30.0988 23.826 26.3825 25.5248 24.1611 26.7874 27.1376 27.4089 27.3868
29.0168 28.0513 27.4776 25.7864 28.8864 26.1451 25.2 26.2745 25.4579 25.8068 27.3401 24.9576 28.4759 25.649 27.2257 28.3593 24.9187 28.0072 25.3632 26.0483 26.7086 27.5508 25.6672 28.2772 24.6422 24.1665 27.7256 24.8158 24.7854 27.4471 25.3271 28.0135 25.5564 25.6617 26.6939 26.9093 23.7501 27.8863 27.8428 27.4554 26.2689 26.812 27.1585 23.6245 26.7778 27.6886 25.2088 22.7313 26.3853 24.7169 27.8653 26.8213 24.8128 28.491 27.9184 25.9509 25.0709 27.9123 26.827 23.4907 28.4689 28.3491 26.6782 27.3821 26.0969 29.5203 25.2199 28.2158 26.2623 24.5074 29.4938 27.654 28.5665 29.0736 24.2385 26.8268 27.0116 26.7514 26.2928 27.1636 26.1528 27.2143 27.7058 28.5842 23.9285 24.3288 25.7811 28.1006 29.0739 26.4099 28.9552 29.7138 24.4917 27.0454 25.9645 27.0248 28.1964 28.3499 28.4148 27.6907
24.1929 26.4611 25.3273 23.7656 26.7433 24.7575 25.162 23.4718 23.1918 26.4044 25.8766 24.3304 25.3001 24.3369 23.3042 26.0447 24.3661 26.254 24.0966 23.5756 22.6453 27.3182 25.7202 27.0157 22.6746 23.4776 27.0853 23.0528 23.0216 24.7311 25.2355 25.0121 24.535 25.4188 23.8883 25.261 23.0308 27.5822 26.1975 25.1272 23.6209 25.2805 22.6911 22.831 23.7752 24.1677 24.1966 22.7416 24.0246 22.1779 26.3804 24.0244 22.7504 27.6701 26.4013 23.5095 24.5108 25.441 21.3742 21.4353 26.527 26.596 24.5796 25.0147 23.2028 26.3736 24.329 26.5115 24.5004 24.6236 27.3035 24.2309 26.8855 25.8447 23.0404 25.4334 24.3249 24.5715 26.0511 24.0858 24.8011 25.158 25.931 25.8562 21.8947 24.0662 24.3977 25.7255 26.3973 25.1422 25.9011 26.2656 23.7892 25.3963 23.3027 23.256 28.1136 25.0121 27.8518 26.5516
28.5514 28.6362 28.7132 28.7254 29.3874 29.1235 26.8027 25.9617 25.8124 28.4496 29.4942 26.1846 28.4942 27.0631 27.7111 28.498 27.4228 28.48 27.8198 25.7499 26.4551 26.933 26.8547 28.7254 24.4449 25.9106 29.0332 24.9738 24.2379 28.1587 26.329 28.5863 26.4459 27.1102 28.9576 27.6727 26.0201 29.4579 27.7992 28.6525 26.0234 27.6015 25.802 24.5543 26.7601 28.2828 24.7662 24.1478 26.8619 25.5013 28.9292 26.1871 26.4254 29.3813 28.7583 26.2381 25.7677 27.8722 26.5872 22.7494 28.5729 28.106 27.313 26.9043 26.2318 31.0449 24.5255 27.1436 26.9391 25.9582 28.4991 27.3931 28.4284 28.3717 25.4123 26.3244 24.9471 26.6928 26.6911 26.2379 26.8642 26.8789 28.8685 27.8725 23.8027 25.6057 26.3322 28.1201 29.3499 25.078 27.7481 29.0404 24.6219 27.7805 24.7654 26.1994 28.2819 28.2863 28.9826 28.734
25.5254 26.3074 24.642 24.8722 26.9153 25.4709 25.6505 22.5278 23.7665 26.0074 26.5817 22.2849 25.9232 25.4472 24.0935 26.6034 24.0167 26.0462 24.4755 23.6223 24.1028 26.4933 25.6755 25.482 22.5084 24.6914 28.1639 24.1847 22.521 25.644 23.8681 26.2182 26.2133 25.7329 25.5981 25.5782 23.4088 26.6714 26.1493 26.3379 24.4299 25.5503 23.0126 23.1292 24.4794 24.8002 24.869 21.3366 24.0774 23.6876 26.4629 24.1814 22.412 27.1611 26.3979 24.7507 24.0617 24.4694 23.6196 21.2272 25.5338 26.2626 25.2559 23.5634 22.775 27.5342 24.5758 26.855 25.9994 25.1856 26.1201 24.8683 25.9956 25.3984 24.6144 26.4494 23.4189 26.6083 24.3958 26.344 25.8638 24.6762 25.9553 24.6481 22.2201 22.8315 24.4573 27.3325 26.2405 24.1382 24.7583 26.6857 24.4596 25.4062 24.2706 24.5275 26.6531 25.2555 26.8293 26.6128
22.7391 22.8796 23.3482 23.9127 23.4845 22.7972 21.4526 22.8695 21.6316 24.0092 25.4249 22.9101 24.8317 22.9096 21.5281 23.0366 23.7806 24.0553 23.0131 22.1806 23.1175 23.7918 22.5492 24.8826 20.8839 21.4978 24.8703 20.6325 20.8376 23.106 23.2761 21.6848 23.8329 24.2698 23.8823 23.1298 21.6604 24.6344 23.1941 20.7086 22.8445 22.2659 20.2469 22.0242 21.2478 24.1761 22.3059 19.2534 22.0528 20.3049 24.1428 22.8581 21.5258 24.809 24.2789 23.5425 21.4107 22.0099 22.2182 20.0654 25.6065 23.0654 22.8093 23.4415 22.6489 22.9644 21.556 24.2683 21.951 22.402 23.6486 22.2504 23.1158 24.5002 21.1408 23.2125 21.7148 23.3205 22.5369 23.3844 23.1557 22.9999 23.8438 23.7239 21.5612 21.5459 22.8102 24.2451 23.2808 22.9689 21.5517 23.6604 20.7064 22.7719 21.5089 22.7489 24.8522 23.2565 24.7768 24.0843
26.0228 27.623 26.3534 23.7206 26.8055 25.6931 24.563 24.8698 23.7413 25.9867 25.8247 22.8287 25.9671 25.6251 25.1274 26.7984 25.6468 27.6567 24.3535 23.4162 25.7099 26.8368 25.7788 27.0941 23.0791 24.1706 26.4974 23.6314 22.9421 24.9226 26.4788 25.011 24.6437 26.0386 25.8029 25.4058 25.3172 28.5042 26.2423 26.2931 25.0268 25.652 23.8092 22.2458 24.6999 25.5706 24.0638 24.574 24.257 24.1093 28.3134 25.1706 23.8007 27.0105 26.2865 23.8455 24.8813 26.7999 23.4559 21.4096 27.4304 27.7459 24.6804 24.9744 24.9564 29.6845 25.2609 25.8991 26.5511 25.1545 28.6837 26.8272 27.2873 27.1544 24.2591 24.8098 24.4614 26.5606 25.9779 25.2407 23.5052 25.0547 26.0228 23.9312 23.067 23.199 24.0052 26.2746 26.8908 24.9448 25.6809 28.3835 23.0538 26.1375 24.0847 24.086 27.2209 25.3985 27.9258 25.1185
23.988 26.6624 24.5928 25.1444 24.9718 23.6758 24.6247 22.9112 23.3921 26.5 23.3034 22.5102 25.9597 24.1059 23.0867 25.4433 22.7273 25.7283 23.5931 24.6804 22.8753 24.871 23.3832 24.6511 21.0968 22.59 24.4593 23.6666 20.791 24.3684 23.2344 25.4667 23.6144 24.6748 25.7943 23.7623 21.729 25.4885 26.6009 23.7277 23.1649 22.9875 22.9168 22.1688 24.4162 24.5921 22.9213 21.6889 22.6815 22.5833 25.3094 23.3026 21.5479 26.6934 24.7181 21.6171 24.7029 25.2903 23.8102 20.9245 24.3721 25.2623 24.5055 22.3543 23.6655 26.9111 23.626 24.219 23.9028 22.7712 26.5485 23.1925 25.1085 25.0231 22.7083 24.0693 23.112 24.788 25.5081 24.109 24.1368 24.4037 25.0004 25.1041 21.8074 21.7595 24.8682 24.43 24.996 22.5449 24.7406 25.6657 22.5553 24.827 24.4433 24.804 26.2776 25.3465 24.933 25.2675
23.7664 26.3745 25.3403 25.6235 25.3784 25.4131 24.097 21.874 21.6781 25.1491 24.2119 20.9735 25.4784 23.8773 25.0005 26.0959 24.8662 24.4518 23.7392 23.4333 25.0943 25.1193 22.8262 24.13 21.4006 24.7454 26.2226 23.5177 20.9297 23.9714 23.954 23.3084 24.7654 23.8873 23.7568 24.6359 23.7177 26.8672 24.4209 24.8837 22.8579 23.3526 23.2971 20.3866 23.8838 23.9153 23.5567 20.938 24.2961 22.582 26.2006 21.1197 23.2264 26.1456 25.2325 22.6328 22.4253 22.8332 23.5362 19.2085 24.3199 25.4291 24.049 21.3932 22.3025 26.9126 22.1411 24.0163 23.5739 23.25 25.0348 23.0376 23.7665 25.9628 23.3944 23.529 23.6698 24.2949 24.367 25.1769 24.6399 24.5397 25.4292 24.7684 23.06 21.7068 24.0039 26.2241 24.6355 23.3373 22.7639 25.4887 21.3525 24.9262 23.3923 23.1071 26.7379 25.0665 27.4866 25.2342
26.3699 27.8449 26.4476 26.0324 27.6725 27.2723 24.6017 23.2744 24.3981 27.071 27.3323 24.7302 26.7406 24.6028 26.3323 25.5119 25.2401 27.2196 23.2299 24.0517 24.9997 27.7459 24.7961 27.7493 22.4904 25.6117 26.9344 24.3103 24.4132 25.3688 24.7023 25.7845 26.3935 25.7657 25.43 25.2527 24.5339 26.9397 25.334 26.6228 24.5925 24.1011 24.5747 22.3772 26.0928 25.9335 24.8928 23.1643 25.5795 24.632 27.4454 24.9612 25.1924 27.9719 26.1918 23.1912 24.6462 26.1043 22.4114 22.5981 27.4997 26.5698 25.959 25.8654 24.6268 28.1111 25.9451 26.5161 25.008 24.8603 28.0972 26.3455 26.7798 27.4585 24.7111 25.7961 24.5552 28.0084 24.9449 24.8093 25.2533 26.6542 27.8788 27.4698 23.365 22.8799 24.2346 26.2669 27.7005 25.3073 26.7729 27.1988 25.2184 25.8014 25.44 25.0004 27.6992 25.7943 28.6723 25.5707
24.0243 25.2245 23.3855 24.2826 26.1129 25.2699 24.9428 23.9657 22.5405 23.9497 25.6715 21.908 24.4072 24.4069 23.6894 26.1931 23.0406 25.3656 22.7141 23.2857 23.6917 24.3754 25.3782 24.2918 20.3741 22.5769 25.2898 22.6081 20.4427 23.9118 24.3799 23.9967 22.4359 24.5917 25.8058 23.3335 20.8403 24.9487 24.3442 25.5112 22.8731 23.5308 22.9802 20.8136 24.8162 24.6788 22.4077 21.7161 23.2041 21.8953 26.0061 23.2638 21.5717 23.8119 23.6796 23.1083 24.133 25.4822 24.2874 19.8078 25.3848 24.0281 22.2147 22.826 23.7495 27.109 22.5309 24.7638 23.2641 22.2181 24.8325 23.9438 24.5613 26.1079 21.7309 22.8108 23.6353 24.3799 23.7135 24.4338 22.5517 22.8421 25.413 24.1904 21.0552 22.4927 24.303 25.9989 25.6075 24.067 23.5226 26.8927 22.6444 25.0444 23.5259 23.547 25.1948 25.8041 25.5602 25.7258
25.3552 25.2379 23.6262 23.1799 24.7841 24.6765 21.7757 23.2348 22.4279 23.0446 23.8711 21.7723 24.7052 24.5179 23.6876 25.3737 24.1505 25.042 22.4921 23.71 23.4699 23.8505 23.6996 23.9959 21.2225 23.4443 25.2757 21.0016 19.8204 23.5084 21.9288 24.078 22.7147 23.1994 23.7697 23.2272 20.7373 24.8576 23.2351 21.8665 22.5461 23.5244 21.4046 22.4684 23.1308 23.1777 22.6537 21.5727 23.6252 21.7111 26.8358 23.9899 21.8474 25.4161 25.9996 23.8519 22.3995 24.3495 22.2105 20.2653 24.6183 24.6975 23.3891 23.4241 22.4412 25.7246 21.9756 25.2053 24.8842 22.5122 23.3185 24.3025 25.0772 24.6661 23.1938 22.8067 21.8888 23.7891 23.2622 25.7172 23.019 22.4328 25.6891 24.7001 21.9172 22.5847 23.2209 23.9783 26.1653 23.8584 22.8726 27.2202 22.5573 22.1979 22.7219 22.7922 24.3403 24.7228 26.189 24.9208
29.3987 28.7629 28.2885 28.4326 29.3408 27.8775 27.4667 25.9592 25.6731 27.859 28.7243 26.1578 27.9369 25.8647 28.4345 27.9438 27.8438 29.4828 27.0192 27.1061 27.0075 28.5383 26.8305 30.4107 26.2093 27.7842 27.5811 26.0265 24.4423 28.0833 25.971 27.9225 27.2303 26.5658 28.7161 28.6597 26.5094 29.5535 27.8948 27.6695 28.2033 28.0461 24.7759 25.4393 29.2591 28.0703 26.9308 24.3423 26.3175 25.705 30.1303 25.7648 25.8652 30.0959 30.0435 27.2735 27.133 26.1948 27.7715 23.2287 28.8759 29.1804 28.0169 26.5623 27.7613 31.3121 27.6292 27.4615 28.2438 26.4478 28.4366 28.764 30.2187 29.8644 26.0123 28.5283 27.7419 29.9654 25.7729 29.1621 27.2279 27.3141 29.2732 27.4156 25.5519 25.1261 28.025 28.7106 28.5472 25.1724 27.9709 30.4761 25.2842 27.0307 25.876 26.3756 30.74 27.365 29.503 26.7438
26.3965 28.1265 26.6638 24.7492 27.1847 26.8871 25.04 25.1993 26.1081 26.5368 26.8684 23.9213 26.6573 24.9609 24.1866 28.1222 25.8269 28.5984 24.8062 26.6882 25.6264 27.4345 27.3314 27.9397 24.6401 24.7314 26.7425 25.5174 23.5786 26.6735 25.8501 26.9044 25.3502 25.5474 27.95 26.8251 23.7125 28.0367 28.0781 26.2516 24.7577 25.4545 24.6401 25.5171 25.8636 26.4572 24.4877 23.6732 24.763 24.8281 26.9034 25.8533 25.0988 26.2512 28.732 25.3444 24.9282 24.9309 25.7744 22.1564 27.6651 26.9732 25.9612 27.0625 25.4942 29.6718 25.4379 28.3022 27.3751 25.4879 27.6684 26.9023 27.2644 26.7985 23.4079 25.7036 24.858 26.6309 26.4052 27.4624 24.4525 24.8016 27.0196 25.6463 25.1388 23.8116 26.6409 25.4928 27.7677 25.0535 26.9771 28.7707 24.935 26.4094 24.9891 25.5355 28.9237 27.8857 28.2942 25.8774
23.1841 25.3503 25.6718 23.3407 27.1187 24.1434 23.7584 23.629 22.4781 24.4633 26.2067 23.7597 26.6283 24.1599 23.6759 24.5836 25.3713 26.2375 23.7582 23.721 24.3444 25.0709 25.5861 25.4097 21.8894 23.7905 27.5403 21.8445 21.9458 24.9625 24.7767 24.744 24.8932 23.6143 25.2625 24.0382 22.9813 25.0163 25.1323 23.6188 22.346 24.876 22.7809 21.7413 22.9919 26.2514 22.4385 20.2884 24.8623 24.4471 25.4412 23.2028 23.3618 26.6287 24.747 25.0017 24.3138 25.5781 23.7266 22.6045 25.7755 25.9178 23.8958 23.5013 23.2036 24.6164 22.7336 24.5994 24.7158 24.3145 24.4257 25.3114 24.7227 24.6855 22.3474 23.8733 22.7406 25.8646 24.9221 26.4006 24.1104 23.6622 25.4423 24.8228 21.309 24.3868 23.1747 25.5897 26.3434 22.883 24.1114 26.6397 22.6765 25.0527 23.0034 23.4233 26.7732 24.8281 26.7339 25.1898
26.4036 27.9158 26.4636 25.43 26.8606 24.935 23.3671 24.5938 24.8031 25.5599 26.3974 24.3853 27.71 25.5252 24.6312 27.2722 26.4085 27.862 24.8123 24.5771 24.4196 26.8696 25.7055 25.4207 22.6734 25.0082 27.1889 25.6079 23.4435 24.8214 25.9595 25.8563 25.6546 27.4906 26.2031 24.8847 24.3823 27.3269 26.0012 24.5673 24.8266 24.0232 23.1607 24.1434 25.2162 25.8162 23.8333 22.7992 25.4837 24.4571 26.4733 26.6695 24.4234 27.1478 26.7918 23.3102 24.1781 27.5115 25.1763 21.9619 27.3062 26.5399 26.2914 25.0547 24.8888 29.8438 24.3035 26.0199 26.64 24.4859 28.2155 25.6201 27.1224 26.2048 24.7393 25.9683 25.5213 26.3375 24.594 25.1576 23.5548 25.1103 27.1634 26.8917 23.4803 25.3814 24.5911 25.6093 27.1392 25.1276 25.7951 28.2681 23.7142 25.982 24.356 25.6978 27.1994 26.1716 27.1175 26.8055
25.7026 28.7291 26.4475 25.7552 26.2404 27.0931 25.4832 25.9139 25.0119 26.2634 26.8467 25.2723 27.0317 25.8505 25.8304 27.0354 25.6054 26.7541 24.4499 25.5745 26.2921 27.2697 25.9903 27.3317 22.9004 24.5318 28.0224 25.4948 23.7071 26.1144 25.3366 25.6082 24.8766 25.9438 26.4766 26.1538 23.7774 27.3773 24.9147 25.4989 24.6533 25.2426 24.9361 23.683 25.2807 27.7544 23.0547 23.9258 24.36 23.8887 28.4689 25.5522 24.9782 28.8062 29.0472 24.7962 25.1179 25.748 23.9986 22.7649 26.5665 28.3474 25.645 24.6669 25.2546 28.7369 24.7768 26.7076 27.026 25.7744 28.6413 26.732 27.7864 26.1704 23.6671 26.0956 24.6539 27.3408 25.6215 24.7623 25.0382 25.7409 27.668 26.6501 22.1579 24.1161 24.659 26.5348 29.1808 24.9845 27.0323 27.26 24.8064 26.4371 24.2654 25.8227 27.3718 27.6906 26.913 26.9539
25.0585 27.052 26.3486 26.508 29.1924 25.3911 24.6469 24.8003 25.4266 26.8855 28.0298 24.8121 26.2209 26.6743 24.4872 26.5167 24.7347 27.6806 25.1986 26.1754 25.9923 27.5465 26.9562 28.4421 24.4555 25.8739 27.8327 25.3086 23.4872 26.45 24.7132 26.889 25.0435 27.855 27.727 27.1232 23.7715 27.0722 26.5113 26.1977 24.9896 24.8738 25.9515 24.4023 25.4257 26.6336 24.5203 23.6717 23.9355 23.394 27.5761 27.0181 23.5721 29.3519 27.6914 25.7706 26.7015 26.4311 25.7948 22.3679 26.7973 27.5583 26.2319 26.905 26.2468 28.5204 26.5595 26.5702 27.7937 26.1024 28.1936 25.5795 28.082 27.7884 23.8796 28.4722 25.0195 29.0288 26.9082 27.6544 26.6276 26.2041 27.7796 28.2222 24.5466 23.7675 26.8624 28.5868 27.287 25.0033 26.0532 28.1698 25.1407 26.7937 25.185 26.3909 29.3473 27.7086 27.7019 26.6536
28.644 30.2616 28.0588 27.9928 29.603 28.7747 27.1621 25.2158 25.3875 27.8992 27.4913 26.0049 28.7881 27.5428 27.9296 28.8481 28.7446 29.0709 26.394 26.8779 27.1984 28.8611 27.3299 28.6257 24.714 27.378 27.4958 26.6532 23.5355 27.8348 26.684 29.2475 26.8581 28.3239 27.1294 28.9178 26.3458 29.7624 28.8967 27.7881 26.9843 27.0442 25.2702 26.0836 28.0397 27.4453 26.3198 24.5151 27.2709 26.5194 30.168 26.5788 25.6969 27.7031 29.2611 25.0415 26.4019 27.8219 26.343 22.5628 30.1086 27.2282 27.4977 26.9719 26.3569 30.4066 25.852 28.2669 26.9537 24.5716 28.7264 28.4764 29.1832 29.0357 26.1964 28.1539 25.9011 28.0785 27.189 27.5537 25.4477 27.9239 27.8423 27.5816 25.4966 26.5723 27.4989 28.8271 29.8298 26.1342 27.0915 30.0394 25.827 27.4652 27.2191 27.1073 30.3547 28.4966 30.5096 29.2877
28.1753 28.8013 28.2665 27.1864 29.6389 29.6472 26.9127 23.9208 25.742 28.6143 29.2009 23.7067 28.1513 27.7649 26.7995 30.1635 26.1899 28.4464 27.6992 26.8041 26.1456 27.4819 28.067 27.4454 23.6409 26.0502 28.6385 25.3492 22.1851 27.4174 27.4732 27.8192 27.3015 27.4808 28.3279 28.3785 25.7268 29.1412 27.5193 27.6544 26.8719 25.9319 25.4636 25.7177 27.3779 26.7417 25.7841 25.8617 26.4313 26.2135 31.0853 25.5984 25.7417 28.6177 28.3095 26.3882 26.8254 28.7012 26.6443 22.7319 28.0436 28.2762 27.6466 27.0811 25.4622 30.6531 25.2947 28.4494 27.1878 25.6094 28.0117 26.1361 29.551 29.7117 26.585 27.1525 26.4645 27.5744 27.4861 28.0844 28.1987 26.4956 29.0325 26.3216 25.4409 25.7651 27.7177 28.7423 28.0156 26.556 26.7256 30.05 26.3701 27.4652 26.1147 27.6708 28.6377 27.6624 29.5232 28.2765
24.7628 28.0605 27.2008 24.7471 26.3725 24.3655 24.4271 23.3419 24.0059 24.3601 26.7239 22.996 24.2622 24.0373 24.0744 27.3103 25.1975 27.4557 23.7713 24.533 25.4715 26.694 26.5698 26.6413 21.5172 24.0075 26.2706 23.6995 22.5999 26.0619 26.3329 24.747 23.4146 24.96 27.493 25.527 23.5324 26.8306 26.6904 26.2711 22.8017 23.8806 24.2352 22.8438 24.3068 25.8819 22.4374 22.7751 24.1659 23.7143 26.7253 24.7187 23.2691 26.5298 26.9481 24.0475 25.708 25.0472 24.3917 23.0451 26.1365 26.7465 25.1342 23.953 24.4391 28.0543 24.3719 25.5081 25.8642 24.6177 26.8605 24.3211 24.7653 27.4686 23.3999 25.1346 23.4966 25.2276 27.7279 24.0781 24.8378 24.8319 25.8827 24.8355 22.9333 23.1782 25.009 24.9487 25.6676 25.0537 24.9575 27.4716 23.3337 24.465 24.0179 23.3586 27.4362 26.771 27.5012 24.5881
25.7477 28.249 24.9187 25.9469 29.3105 25.3171 25.7711 25.0249 25.1321 26.6093 28.1032 23.6898 26.4497 26.1552 25.9648 27.1987 25.6416 26.8892 24.7075 25.3094 26.0596 26.5603 25.9302 24.9032 22.5595 24.4488 28.0073 24.3414 22.6066 25.9013 24.4038 25.052 26.0921 25.2023 25.8203 26.5868 22.9205 27.4677 25.83 26.0133 23.5485 26.1415 25.1913 24.812 24.8829 27.3278 24.9705 22.7561 25.8373 23.9312 27.6086 25.6193 25.3065 27.1691 26.1383 25.3322 24.5125 27.4118 24.8475 21.4829 27.9663 25.4647 25.3232 25.9274 24.1039 28.9731 25.3209 25.5791 25.4689 24.9529 27.3258 25.9704 26.0451 28.1361 25.2302 25.7912 24.1018 26.2876 25.317 27.891 24.4894 24.8386 27.1922 25.2657 24.261 22.5492 26.0541 26.8014 27.6669 23.6381 25.1068 27.3437 23.8457 27.1053 24.7492 26.3959 27.7444 25.446 28.206 25.6736
23.9613 25.7999 23.3221 22.6978 25.0567 22.7232 23.0477 22.2097 20.9689 22.0039 22.4254 21.4671 24.1356 22.5366 22.6649 24.2239 21.8923 25.8274 21.643 22.8409 22.0305 24.5369 22.0545 24.3075 21.7918 23.6353 25.7209 21.8587 20.2999 24.6004 23.5415 22.9273 23.3949 23.7391 26.4262 22.9878 21.1706 24.8609 25.6906 23.6895 23.5948 23.9628 22.5528 21.5246 23.704 24.2444 21.4297 19.7309 21.8538 20.7177 23.006 23.9224 22.6021 24.7828 26.4539 22.0013 23.7032 23.8594 23.7279 19.2694 25.8499 24.5575 22.1599 22.771 22.2429 25.7754 22.1709 23.8618 24.5699 21.5719 24.6734 23.0916 24.3391 25.2755 21.7716 23.8308 21.8859 23.6617 23.3398 23.575 22.7836 22.4907 22.6641 23.37 21.5342 21.2081 23.7863 24.9227 25.3052 23.2482 23.77 25.9675 21.6976 23.4267 21.1667 22.2601 25.0271 25.6108 25.2043 23.3914
26.6031 27.9588 26.5615 24.9534 27.2614 25.8522 24.3731 22.2107 23.3414 27.1571 27.5132 23.9648 24.2527 26.172 23.4126 26.6588 25.6614 28.003 23.4491 25.135 25.4754 28.4686 24.7926 26.3716 23.2794 24.0601 26.733 23.7358 22.4644 26.6419 24.7329 26.6096 25.6229 26.815 27.4024 25.571 23.2523 26.9865 25.6657 25.3726 24.6728 25.3469 25.7259 23.465 26.8902 24.981 24.2205 21.8645 23.8069 25.6351 28.497 25.9157 23.2856 27.6984 28.4606 23.5415 25.3134 26.0782 25.0711 22.2293 27.8088 27.3157 25.9976 25.0264 24.2516 28.2 24.4303 25.5654 26.6747 24.565 28.1373 25.0492 26.1661 27.6138 25.4837 26.2279 24.7163 26.646 26.6561 25.0099 24.9391 27.3976 28.0074 26.1693 24.0764 22.283 25.5462 25.3773 26.3587 23.1107 26.3086 25.7732 24.0755 25.0119 24.2509 25.5733 27.7729 27.6594 28.0968 26.2527
25.5146 26.2947 24.7003 25.3781 25.3446 24.6753 25.0101 22.2836 23.0827 23.3591 24.323 21.4031 24.09 24.7831 23.5373 27.4861 24.1455 25.1831 23.1422 24.383 25.015 25.8575 23.8476 23.9678 21.9295 23.9347 25.4531 23.0724 21.3545 25.85 21.6252 24.3519 24.1759 23.9949 25.2461 24.7686 21.9382 26.5337 24.0729 23.9391 22.1784 23.0798 22.7651 22.2452 25.5077 24.3599 22.2557 21.6956 22.6906 22.8204 26.1697 25.2916 21.1451 25.5455 26.6139 23.1035 23.653 23.9869 23.5734 20.8281 25.1038 24.3963 24.4004 24.7494 23.2587 29.0978 21.505 24.7856 24.9792 23.5084 26.0449 25.6038 26.6854 25.3843 23.0925 24.7594 23.1871 22.9375 24.7069 26.4543 24.5812 23.2566 26.371 23.9183 23.1612 21.8035 24.2161 24.9653 24.3248 22.6109 23.3249 26.7018 24.4336 24.389 23.6436 24.7272 26.9036 26.1721 26.1413 25.3597
25.0801 24.5676 24.6038 24.0037 24.9463 24.1168 21.5955 23.2663 22.1258 23.4619 24.9553 23.8349 24.5066 23.2529 22.9085 23.5423 23.4441 25.8104 22.3982 22.2106 22.8821 25.0368 24.1354 24.7204 21.0872 22.3387 23.8046 21.1862 22.4565 23.7872 23.2908 25.784 23.8899 23.9768 24.5707 22.6523 21.4025 26.142 23.6242 24.0742 23.2868 23.5294 22.7804 21.1586 24.7912 23.9186 20.9275 20.5334 23.1074 21.7795 26.1827 23.5726 21.1038 26.1234 24.8626 23.4484 23.6165 23.53 22.6683 21.5105 23.4274 26.0529 22.9605 23.3597 22.7215 25.4233 22.1722 23.9286 25.2419 22.0582 25.8666 24.3305 24.2716 25.1434 23.5416 23.1772 22.5195 24.0521 23.2208 23.8365 23.1377 24.4352 24.6369 24.9405 20.7404 20.1401 22.8481 24.3676 24.9177 21.9869 24.1563 24.7958 22.589 22.3865 22.6618 23.6233 26.0172 24.6099 23.8832 24.1865
24.3977 27.0363 23.2035 23.3487 25.0568 26.7581 22.3681 21.6198 21.8333 25.2846 24.9332 23.8725 25.0672 24.2236 24.11 25.2399 22.1495 25.5546 22.4493 23.0421 22.8964 23.3103 23.4504 24.837 21.6213 22.9487 23.7814 22.1143 22.0183 24.3964 22.7585 24.7144 25.2897 23.8506 24.9569 24.0045 22.551 26.2683 24.3989 24.5529 23.5591 22.9223 20.6894 21.5839 23.7378 23.0746 22.2184 19.9369 23.3553 23.965 25.4959 23.8374 21.166 25.6594 25.2405 22.5791 21.9802 22.3019 21.559 21.0577 24.6732 23.7783 23.8793 22.3415 22.7418 27.1292 23.4986 25.7909 23.1914 22.3894 25.0031 23.5067 24.5576 24.3104 21.7734 24.8365 22.6116 25.4055 22.7845 23.3313 22.5731 22.5215 25.7498 24.9818 22.0293 22.0546 21.8814 23.8658 25.3003 21.4948 24.5441 25.1331 21.6743 23.7551 23.0306 23.6213 25.6809 25.4145 25.5899 25.2407
26.8177 27.6703 26.3156 25.2717 26.0184 26.4067 24.9022 22.8942 23.5869 26.2525 28.2861 25.0148 26.2755 25.7184 25.3738 27.14 25.1735 27.6296 25.3671 25.0747 23.6908 25.1896 25.1325 25.6716 22.4699 24.8221 26.7972 24.5969 23.994 26.2103 25.4934 27.1583 25.1002 27.4502 26.6286 25.5356 24.6842 27.9226 26.8876 25.1698 26.5497 25.817 24.1678 24.039 26.4449 26.5891 24.2491 22.4342 23.7744 23.4456 27.1538 26.5497 23.2987 27.739 27.428 25.7834 24.9172 26.2803 23.5897 22.4012 27.9246 26.4917 25.7571 25.3675 25.0242 28.2068 24.7911 25.2313 26.9361 23.1948 27.4359 27.1751 26.3503 26.5009 24.9732 25.9691 24.5212 25.8139 26.3582 25.8249 25.9323 25.099 25.5815 25.5821 25.2225 23.0826 25.3017 26.1333 26.4564 24.9928 26.2534 27.9712 24.1774 24.7721 24.1762 23.8937 27.6405 26.2377 26.9382 25.7246
23.6252 27.5356 25.465 23.1552 23.5316 24.0964 23.5837 23.718 22.5431 24.6292 25.6537 22.2405 25.6202 24.4036 24.0985 24.8346 22.7339 25.5998 23.7658 24.8725 23.324 23.8874 27.0822 23.6801 21.5205 22.7377 25.9676 23.8959 22.3004 23.8385 22.9856 24.3958 23.9438 24.5589 25.6621 24.2383 20.8266 24.0034 25.625 24.4752 23.4968 22.9053 22.9598 21.3369 24.0309 24.7048 23.2741 20.5583 22.89 21.8924 25.0315 24.5509 22.8085 26.039 25.3936 23.3842 24.55 23.9935 23.3383 20.8187 23.998 25.8802 23.2427 21.4022 23.6785 26.413 23.315 25.1813 25.4242 23.9268 26.2039 24.256 23.2714 24.5425 21.8164 23.3393 23.3576 23.808 26.1307 24.868 25.7302 22.2018 24.5229 24.9548 22.8542 20.4624 24.071 23.934 25.6284 23.1216 24.5609 26.9085 23.3173 24.003 23.4505 22.7287 26.1071 25.9 24.6415 23.9427
24.4929 24.5296 24.1453 23.0904 24.4422 23.6022 21.9564 21.4237 21.8052 23.8799 22.9152 20.5387 25.1242 22.7341 23.067 23.8582 23.2428 24.7041 21.3396 22.5727 22.6196 24.5427 22.9427 24.8856 21.3595 24.8698 24.4285 22.4329 19.7579 24.7003 22.2938 23.4005 23.7768 24.1848 24.6434 23.3763 22.0395 25.1892 24.5051 23.6027 21.6904 21.3958 21.2362 21.6492 22.9625 22.6548 20.2295 20.5542 22.5712 22.6054 25.4625 23.6153 21.8277 24.3373 25.3 22.5469 22.9321 25.6245 20.7488 19.5352 25.4862 23.3559 23.7043 23.1875 22.0155 25.1886 21.9151 23.6985 22.9362 21.6599 23.8963 22.3741 22.9509 24.8546 23.2401 23.6353 20.7974 25.5378 23.9409 24.0949 22.1034 22.6691 23.9118 23.4733 20.8826 21.3324 22.3577 23.7862 24.5428 23.3198 22.5517 24.337 21.1725 23.6428 21.0503 21.633 24.0291 23.5766 25.262 23.8571
23.2375 24.4256 22.6356 20.9381 23.4164 22.0859 22.8638 19.8284 21.4077 24.1449 24.4415 21.3383 22.2407 22.3681 21.5666 23.0162 22.9581 25.3955 21.8792 22.8242 21.7282 22.766 24.026 24.5098 22.3407 21.2026 23.3074 21.6925 19.7285 24.267 23.3453 23.822 22.5324 23.8631 24.9822 23.1227 21.716 24.2491 25.441 21.9777 22.0206 22.1038 22.5992 22.3177 22.0213 23.6081 20.654 20.0813 21.998 22.498 24.9595 22.6912 21.5143 23.5232 24.3513 22.3034 22.7799 23.5503 20.6957 19.6394 26.0093 24.7402 22.9105 21.7226 21.1844 25.496 21.0317 23.7148 23.5333 21.6242 24.5517 22.3224 23.7433 24.2777 22.0621 22.8547 20.5991 22.972 23.2228 22.5439 20.6344 21.9331 23.8976 22.4739 20.7806 21.4523 20.9952 22.8155 23.3633 21.7795 22.9237 24.5933 20.638 22.9445 22.1853 20.4462 23.345 24.9653 24.6829 22.6726
24.1579 24.8403 23.8803 23.5822 24.1611 25.2335 21.6315 22.3879 22.301 23.8166 24.5739 23.0828 25.0457 24.5973 23.0919 25.0948 23.9571 25.5112 22.4225 23.941 23.5014 24.5244 24.3921 24.3762 21.3996 24.371 25.0291 22.9318 22.1411 24.102 22.7735 23.7393 23.9073 22.9391 25.1514 23.6694 21.6978 25.964 22.992 23.1866 25.1449 23.0471 22.0543 22.5916 24.2775 24.188 21.9719 19.5602 22.4312 22.2004 26.233 25.1928 21.833 24.4282 26.3976 22.8172 23.154 24.1812 23.586 21.0055 24.4161 24.629 23.4976 23.2911 22.6746 27.1199 22.8055 24.4716 25.3111 24.3301 25.7034 25.7328 23.3582 24.6475 22.1219 24.7853 22.3248 24.5126 24.8005 23.8963 23.8563 22.643 24.1204 23.8006 22.491 20.4305 23.6398 24.4614 25.9066 21.5062 23.8275 26.3533 22.1291 23.0623 22.7153 24.655 26.7197 25.9075 25.6408 24.1714
27.1166 27.4694 25.9008 25.3507 27.7568 25.3081 25.8785 24.1303 24.4464 26.1482 26.5726 24.8164 24.8312 26.0519 24.2399 27.6199 25.2026 27.8574 24.7519 25.0431 26.3382 28.015 27.2593 28.3622 22.7691 26.207 26.9053 24.784 23.875 26.2802 25.2495 25.9067 25.0266 27.2604 29.4654 27.0754 23.5435 26.9417 26.9327 25.4699 26.6323 26.0671 25.0632 24.0246 26.2617 27.7772 24.6557 23.7523 24.142 23.1666 27.6931 26.0176 24.7225 28.2991 26.8744 25.2558 27.0689 26.7001 24.2263 22.1962 28.2535 27.1173 24.8593 26.0277 23.4877 29.2076 25.8385 27.648 26.9103 24.2442 26.8593 26.2998 27.7374 28.8959 25.2451 26.0369 24.3583 28.48 27.2069 27.5809 26.4577 23.887 26.0039 26.5453 23.8163 23.8545 26.7039 28.9055 26.6541 26.2289 25.9642 29.3179 23.9937 26.3483 26.0672 25.6361 28.8764 26.5042 27.5891 28.832
